# n [a_1, a_2, ..., a_n]
375 145 92 56 34 21 13 8 5 2 1 1 1 3 2 1 1 1 1 1 5 3 2 1 1 1 1 1 2 1 1 1 8 5 3 2 1 1 1 1 1 2 1 1 1 3 2 1 1 1 1 1 13 8 5 3 2 1 1 1 1 1 2 1 1 1 3 2 1 1 1 1 1 5 3 2 1 1 1 1 1 2 1 1 1 22 13 8 5 3 2 1 1 1 1 1 2 1 1 1 3 2 1 1 1 1 1 5 3 2 1 1 1 1 1 2 1 1 1 9 5 3 2 1 1 1 1 1 2 1 1 1 4 2 1 1 1 2 1 1 36 22 13 8 5 3 2 1 1 1 1 1 2 1 1 1 3 2 1 1 1 1 1 5 3 2 1 1 1 1 1 2 1 1 1 9 5 3 2 1 1 1 1 1 2 1 1 1 4 2 1 1 1 2 1 1 14 9 5 3 2 1 1 1 1 1 2 1 1 1 4 2 1 1 1 2 1 1 5 4 2 1 1 1 2 1 1 2 1 1 1 56 34 21 13 8 5 3 2 1 1 1 1 1 2 1 1 1 3 2 1 1 1 1 1 5 3 2 1 1 1 1 1 2 1 1 1 8 5 3 2 1 1 1 1 1 2 1 1 1 3 2 1 1 1 1 1 13 8 5 3 2 1 1 1 1 1 2 1 1 1 3 2 1 1 1 1 1 5 3 2 1 1 1 1 1 2 1 1 1 22 13 8 5 3 2 1 1 1 1 1 2 1 1 1 3 2 1 1 1 1 1 5 3 2 1 1 1 1 1 2 1 1 1 9 5 3 2 1 1 1 1 1 2 1 1 1 4 2 1 1 1 2 1 1
376 145 93 56 34 21 13 8 5 2 1 1 1 3 2 1 1 1 1 1 5 3 2 1 1 1 1 1 2 1 1 1 8 5 3 2 1 1 1 1 1 2 1 1 1 3 2 1 1 1 1 1 13 8 5 3 2 1 1 1 1 1 2 1 1 1 3 2 1 1 1 1 1 5 3 2 1 1 1 1 1 2 1 1 1 22 13 8 5 3 2 1 1 1 1 1 2 1 1 1 3 2 1 1 1 1 1 5 3 2 1 1 1 1 1 2 1 1 1 9 5 3 2 1 1 1 1 1 2 1 1 1 4 2 1 1 1 2 1 1 37 22 13 8 5 3 2 1 1 1 1 1 2 1 1 1 3 2 1 1 1 1 1 5 3 2 1 1 1 1 1 2 1 1 1 9 5 3 2 1 1 1 1 1 2 1 1 1 4 2 1 1 1 2 1 1 15 9 5 3 2 1 1 1 1 1 2 1 1 1 4 2 1 1 1 2 1 1 6 4 2 1 1 1 2 1 1 2 2 1 1 1 56 34 21 13 8 5 3 2 1 1 1 1 1 2 1 1 1 3 2 1 1 1 1 1 5 3 2 1 1 1 1 1 2 1 1 1 8 5 3 2 1 1 1 1 1 2 1 1 1 3 2 1 1 1 1 1 13 8 5 3 2 1 1 1 1 1 2 1 1 1 3 2 1 1 1 1 1 5 3 2 1 1 1 1 1 2 1 1 1 22 13 8 5 3 2 1 1 1 1 1 2 1 1 1 3 2 1 1 1 1 1 5 3 2 1 1 1 1 1 2 1 1 1 9 5 3 2 1 1 1 1 1 2 1 1 1 4 2 1 1 1 2 1 1
377 145 94 56 34 21 13 8 5 2 1 1 1 3 2 1 1 1 1 1 5 3 2 1 1 1 1 1 2 1 1 1 8 5 3 2 1 1 1 1 1 2 1 1 1 3 2 1 1 1 1 1 13 8 5 3 2 1 1 1 1 1 2 1 1 1 3 2 1 1 1 1 1 5 3 2 1 1 1 1 1 2 1 1 1 22 13 8 5 3 2 1 1 1 1 1 2 1 1 1 3 2 1 1 1 1 1 5 3 2 1 1 1 1 1 2 1 1 1 9 5 3 2 1 1 1 1 1 2 1 1 1 4 2 1 1 1 2 1 1 38 22 13 8 5 3 2 1 1 1 1 1 2 1 1 1 3 2 1 1 1 1 1 5 3 2 1 1 1 1 1 2 1 1 1 9 5 3 2 1 1 1 1 1 2 1 1 1 4 2 1 1 1 2 1 1 16 9 5 3 2 1 1 1 1 1 2 1 1 1 4 2 1 1 1 2 1 1 7 4 2 1 1 1 2 1 1 3 2 1 1 1 1 56 34 21 13 8 5 3 2 1 1 1 1 1 2 1 1 1 3 2 1 1 1 1 1 5 3 2 1 1 1 1 1 2 1 1 1 8 5 3 2 1 1 1 1 1 2 1 1 1 3 2 1 1 1 1 1 13 8 5 3 2 1 1 1 1 1 2 1 1 1 3 2 1 1 1 1 1 5 3 2 1 1 1 1 1 2 1 1 1 22 13 8 5 3 2 1 1 1 1 1 2 1 1 1 3 2 1 1 1 1 1 5 3 2 1 1 1 1 1 2 1 1 1 9 5 3 2 1 1 1 1 1 2 1 1 1 4 2 1 1 1 2 1 1
378 146 94 56 34 21 13 8 5 2 1 1 1 3 2 1 1 1 1 1 5 3 2 1 1 1 1 1 2 1 1 1 8 5 3 2 1 1 1 1 1 2 1 1 1 3 2 1 1 1 1 1 13 8 5 3 2 1 1 1 1 1 2 1 1 1 3 2 1 1 1 1 1 5 3 2 1 1 1 1 1 2 1 1 1 22 13 8 5 3 2 1 1 1 1 1 2 1 1 1 3 2 1 1 1 1 1 5 3 2 1 1 1 1 1 2 1 1 1 9 5 3 2 1 1 1 1 1 2 1 1 1 4 2 1 1 1 2 1 1 38 22 13 8 5 3 2 1 1 1 1 1 2 1 1 1 3 2 1 1 1 1 1 5 3 2 1 1 1 1 1 2 1 1 1 9 5 3 2 1 1 1 1 1 2 1 1 1 4 2 1 1 1 2 1 1 16 9 5 3 2 1 1 1 1 1 2 1 1 1 4 2 1 1 1 2 1 1 7 4 2 1 1 1 2 1 1 3 2 1 1 1 1 56 34 22 13 8 5 3 2 1 1 1 1 1 2 1 1 1 3 2 1 1 1 1 1 5 3 2 1 1 1 1 1 2 1 1 1 9 5 3 2 1 1 1 1 1 2 1 1 1 4 2 1 1 1 2 1 1 13 8 5 3 2 1 1 1 1 1 2 1 1 1 3 2 1 1 1 1 1 5 3 2 1 1 1 1 1 2 1 1 1 22 13 8 5 3 2 1 1 1 1 1 2 1 1 1 3 2 1 1 1 1 1 5 3 2 1 1 1 1 1 2 1 1 1 9 5 3 2 1 1 1 1 1 2 1 1 1 4 2 1 1 1 2 1 1
379 147 94 56 34 21 13 8 5 2 1 1 1 3 2 1 1 1 1 1 5 3 2 1 1 1 1 1 2 1 1 1 8 5 3 2 1 1 1 1 1 2 1 1 1 3 2 1 1 1 1 1 13 8 5 3 2 1 1 1 1 1 2 1 1 1 3 2 1 1 1 1 1 5 3 2 1 1 1 1 1 2 1 1 1 22 13 8 5 3 2 1 1 1 1 1 2 1 1 1 3 2 1 1 1 1 1 5 3 2 1 1 1 1 1 2 1 1 1 9 5 3 2 1 1 1 1 1 2 1 1 1 4 2 1 1 1 2 1 1 38 22 13 8 5 3 2 1 1 1 1 1 2 1 1 1 3 2 1 1 1 1 1 5 3 2 1 1 1 1 1 2 1 1 1 9 5 3 2 1 1 1 1 1 2 1 1 1 4 2 1 1 1 2 1 1 16 9 5 3 2 1 1 1 1 1 2 1 1 1 4 2 1 1 1 2 1 1 7 4 2 1 1 1 2 1 1 3 2 1 1 1 1 56 35 22 13 8 5 3 2 1 1 1 1 1 2 1 1 1 3 2 1 1 1 1 1 5 3 2 1 1 1 1 1 2 1 1 1 9 5 3 2 1 1 1 1 1 2 1 1 1 4 2 1 1 1 2 1 1 13 9 5 3 2 1 1 1 1 1 2 1 1 1 4 2 1 1 1 2 1 1 5 3 2 1 1 1 1 1 2 1 1 1 22 13 8 5 3 2 1 1 1 1 1 2 1 1 1 3 2 1 1 1 1 1 5 3 2 1 1 1 1 1 2 1 1 1 9 5 3 2 1 1 1 1 1 2 1 1 1 4 2 1 1 1 2 1 1
380 148 94 56 34 21 13 8 5 2 1 1 1 3 2 1 1 1 1 1 5 3 2 1 1 1 1 1 2 1 1 1 8 5 3 2 1 1 1 1 1 2 1 1 1 3 2 1 1 1 1 1 13 8 5 3 2 1 1 1 1 1 2 1 1 1 3 2 1 1 1 1 1 5 3 2 1 1 1 1 1 2 1 1 1 22 13 8 5 3 2 1 1 1 1 1 2 1 1 1 3 2 1 1 1 1 1 5 3 2 1 1 1 1 1 2 1 1 1 9 5 3 2 1 1 1 1 1 2 1 1 1 4 2 1 1 1 2 1 1 38 22 13 8 5 3 2 1 1 1 1 1 2 1 1 1 3 2 1 1 1 1 1 5 3 2 1 1 1 1 1 2 1 1 1 9 5 3 2 1 1 1 1 1 2 1 1 1 4 2 1 1 1 2 1 1 16 9 5 3 2 1 1 1 1 1 2 1 1 1 4 2 1 1 1 2 1 1 7 4 2 1 1 1 2 1 1 3 2 1 1 1 1 56 36 22 13 8 5 3 2 1 1 1 1 1 2 1 1 1 3 2 1 1 1 1 1 5 3 2 1 1 1 1 1 2 1 1 1 9 5 3 2 1 1 1 1 1 2 1 1 1 4 2 1 1 1 2 1 1 14 9 5 3 2 1 1 1 1 1 2 1 1 1 4 2 1 1 1 2 1 1 5 4 2 1 1 1 2 1 1 2 1 1 1 22 13 8 5 3 2 1 1 1 1 1 2 1 1 1 3 2 1 1 1 1 1 5 3 2 1 1 1 1 1 2 1 1 1 9 5 3 2 1 1 1 1 1 2 1 1 1 4 2 1 1 1 2 1 1
381 149 94 56 34 21 13 8 5 2 1 1 1 3 2 1 1 1 1 1 5 3 2 1 1 1 1 1 2 1 1 1 8 5 3 2 1 1 1 1 1 2 1 1 1 3 2 1 1 1 1 1 13 8 5 3 2 1 1 1 1 1 2 1 1 1 3 2 1 1 1 1 1 5 3 2 1 1 1 1 1 2 1 1 1 22 13 8 5 3 2 1 1 1 1 1 2 1 1 1 3 2 1 1 1 1 1 5 3 2 1 1 1 1 1 2 1 1 1 9 5 3 2 1 1 1 1 1 2 1 1 1 4 2 1 1 1 2 1 1 38 22 13 8 5 3 2 1 1 1 1 1 2 1 1 1 3 2 1 1 1 1 1 5 3 2 1 1 1 1 1 2 1 1 1 9 5 3 2 1 1 1 1 1 2 1 1 1 4 2 1 1 1 2 1 1 16 9 5 3 2 1 1 1 1 1 2 1 1 1 4 2 1 1 1 2 1 1 7 4 2 1 1 1 2 1 1 3 2 1 1 1 1 56 37 22 13 8 5 3 2 1 1 1 1 1 2 1 1 1 3 2 1 1 1 1 1 5 3 2 1 1 1 1 1 2 1 1 1 9 5 3 2 1 1 1 1 1 2 1 1 1 4 2 1 1 1 2 1 1 15 9 5 3 2 1 1 1 1 1 2 1 1 1 4 2 1 1 1 2 1 1 6 4 2 1 1 1 2 1 1 2 2 1 1 1 22 13 8 5 3 2 1 1 1 1 1 2 1 1 1 3 2 1 1 1 1 1 5 3 2 1 1 1 1 1 2 1 1 1 9 5 3 2 1 1 1 1 1 2 1 1 1 4 2 1 1 1 2 1 1
382 150 94 56 34 21 13 8 5 2 1 1 1 3 2 1 1 1 1 1 5 3 2 1 1 1 1 1 2 1 1 1 8 5 3 2 1 1 1 1 1 2 1 1 1 3 2 1 1 1 1 1 13 8 5 3 2 1 1 1 1 1 2 1 1 1 3 2 1 1 1 1 1 5 3 2 1 1 1 1 1 2 1 1 1 22 13 8 5 3 2 1 1 1 1 1 2 1 1 1 3 2 1 1 1 1 1 5 3 2 1 1 1 1 1 2 1 1 1 9 5 3 2 1 1 1 1 1 2 1 1 1 4 2 1 1 1 2 1 1 38 22 13 8 5 3 2 1 1 1 1 1 2 1 1 1 3 2 1 1 1 1 1 5 3 2 1 1 1 1 1 2 1 1 1 9 5 3 2 1 1 1 1 1 2 1 1 1 4 2 1 1 1 2 1 1 16 9 5 3 2 1 1 1 1 1 2 1 1 1 4 2 1 1 1 2 1 1 7 4 2 1 1 1 2 1 1 3 2 1 1 1 1 56 38 22 13 8 5 3 2 1 1 1 1 1 2 1 1 1 3 2 1 1 1 1 1 5 3 2 1 1 1 1 1 2 1 1 1 9 5 3 2 1 1 1 1 1 2 1 1 1 4 2 1 1 1 2 1 1 16 9 5 3 2 1 1 1 1 1 2 1 1 1 4 2 1 1 1 2 1 1 7 4 2 1 1 1 2 1 1 3 2 1 1 1 1 22 13 8 5 3 2 1 1 1 1 1 2 1 1 1 3 2 1 1 1 1 1 5 3 2 1 1 1 1 1 2 1 1 1 9 5 3 2 1 1 1 1 1 2 1 1 1 4 2 1 1 1 2 1 1
383 151 94 56 34 21 13 8 5 2 1 1 1 3 2 1 1 1 1 1 5 3 2 1 1 1 1 1 2 1 1 1 8 5 3 2 1 1 1 1 1 2 1 1 1 3 2 1 1 1 1 1 13 8 5 3 2 1 1 1 1 1 2 1 1 1 3 2 1 1 1 1 1 5 3 2 1 1 1 1 1 2 1 1 1 22 13 8 5 3 2 1 1 1 1 1 2 1 1 1 3 2 1 1 1 1 1 5 3 2 1 1 1 1 1 2 1 1 1 9 5 3 2 1 1 1 1 1 2 1 1 1 4 2 1 1 1 2 1 1 38 22 13 8 5 3 2 1 1 1 1 1 2 1 1 1 3 2 1 1 1 1 1 5 3 2 1 1 1 1 1 2 1 1 1 9 5 3 2 1 1 1 1 1 2 1 1 1 4 2 1 1 1 2 1 1 16 9 5 3 2 1 1 1 1 1 2 1 1 1 4 2 1 1 1 2 1 1 7 4 2 1 1 1 2 1 1 3 2 1 1 1 1 57 38 22 13 8 5 3 2 1 1 1 1 1 2 1 1 1 3 2 1 1 1 1 1 5 3 2 1 1 1 1 1 2 1 1 1 9 5 3 2 1 1 1 1 1 2 1 1 1 4 2 1 1 1 2 1 1 16 9 5 3 2 1 1 1 1 1 2 1 1 1 4 2 1 1 1 2 1 1 7 4 2 1 1 1 2 1 1 3 2 1 1 1 1 22 13 9 5 3 2 1 1 1 1 1 2 1 1 1 4 2 1 1 1 2 1 1 5 3 2 1 1 1 1 1 2 1 1 1 9 5 3 2 1 1 1 1 1 2 1 1 1 4 2 1 1 1 2 1 1
384 152 94 56 34 21 13 8 5 2 1 1 1 3 2 1 1 1 1 1 5 3 2 1 1 1 1 1 2 1 1 1 8 5 3 2 1 1 1 1 1 2 1 1 1 3 2 1 1 1 1 1 13 8 5 3 2 1 1 1 1 1 2 1 1 1 3 2 1 1 1 1 1 5 3 2 1 1 1 1 1 2 1 1 1 22 13 8 5 3 2 1 1 1 1 1 2 1 1 1 3 2 1 1 1 1 1 5 3 2 1 1 1 1 1 2 1 1 1 9 5 3 2 1 1 1 1 1 2 1 1 1 4 2 1 1 1 2 1 1 38 22 13 8 5 3 2 1 1 1 1 1 2 1 1 1 3 2 1 1 1 1 1 5 3 2 1 1 1 1 1 2 1 1 1 9 5 3 2 1 1 1 1 1 2 1 1 1 4 2 1 1 1 2 1 1 16 9 5 3 2 1 1 1 1 1 2 1 1 1 4 2 1 1 1 2 1 1 7 4 2 1 1 1 2 1 1 3 2 1 1 1 1 58 38 22 13 8 5 3 2 1 1 1 1 1 2 1 1 1 3 2 1 1 1 1 1 5 3 2 1 1 1 1 1 2 1 1 1 9 5 3 2 1 1 1 1 1 2 1 1 1 4 2 1 1 1 2 1 1 16 9 5 3 2 1 1 1 1 1 2 1 1 1 4 2 1 1 1 2 1 1 7 4 2 1 1 1 2 1 1 3 2 1 1 1 1 22 14 9 5 3 2 1 1 1 1 1 2 1 1 1 4 2 1 1 1 2 1 1 5 4 2 1 1 1 2 1 1 2 1 1 1 9 5 3 2 1 1 1 1 1 2 1 1 1 4 2 1 1 1 2 1 1
385 153 94 56 34 21 13 8 5 2 1 1 1 3 2 1 1 1 1 1 5 3 2 1 1 1 1 1 2 1 1 1 8 5 3 2 1 1 1 1 1 2 1 1 1 3 2 1 1 1 1 1 13 8 5 3 2 1 1 1 1 1 2 1 1 1 3 2 1 1 1 1 1 5 3 2 1 1 1 1 1 2 1 1 1 22 13 8 5 3 2 1 1 1 1 1 2 1 1 1 3 2 1 1 1 1 1 5 3 2 1 1 1 1 1 2 1 1 1 9 5 3 2 1 1 1 1 1 2 1 1 1 4 2 1 1 1 2 1 1 38 22 13 8 5 3 2 1 1 1 1 1 2 1 1 1 3 2 1 1 1 1 1 5 3 2 1 1 1 1 1 2 1 1 1 9 5 3 2 1 1 1 1 1 2 1 1 1 4 2 1 1 1 2 1 1 16 9 5 3 2 1 1 1 1 1 2 1 1 1 4 2 1 1 1 2 1 1 7 4 2 1 1 1 2 1 1 3 2 1 1 1 1 59 38 22 13 8 5 3 2 1 1 1 1 1 2 1 1 1 3 2 1 1 1 1 1 5 3 2 1 1 1 1 1 2 1 1 1 9 5 3 2 1 1 1 1 1 2 1 1 1 4 2 1 1 1 2 1 1 16 9 5 3 2 1 1 1 1 1 2 1 1 1 4 2 1 1 1 2 1 1 7 4 2 1 1 1 2 1 1 3 2 1 1 1 1 22 15 9 5 3 2 1 1 1 1 1 2 1 1 1 4 2 1 1 1 2 1 1 6 4 2 1 1 1 2 1 1 2 2 1 1 1 9 5 3 2 1 1 1 1 1 2 1 1 1 4 2 1 1 1 2 1 1
386 154 94 56 34 21 13 8 5 2 1 1 1 3 2 1 1 1 1 1 5 3 2 1 1 1 1 1 2 1 1 1 8 5 3 2 1 1 1 1 1 2 1 1 1 3 2 1 1 1 1 1 13 8 5 3 2 1 1 1 1 1 2 1 1 1 3 2 1 1 1 1 1 5 3 2 1 1 1 1 1 2 1 1 1 22 13 8 5 3 2 1 1 1 1 1 2 1 1 1 3 2 1 1 1 1 1 5 3 2 1 1 1 1 1 2 1 1 1 9 5 3 2 1 1 1 1 1 2 1 1 1 4 2 1 1 1 2 1 1 38 22 13 8 5 3 2 1 1 1 1 1 2 1 1 1 3 2 1 1 1 1 1 5 3 2 1 1 1 1 1 2 1 1 1 9 5 3 2 1 1 1 1 1 2 1 1 1 4 2 1 1 1 2 1 1 16 9 5 3 2 1 1 1 1 1 2 1 1 1 4 2 1 1 1 2 1 1 7 4 2 1 1 1 2 1 1 3 2 1 1 1 1 60 38 22 13 8 5 3 2 1 1 1 1 1 2 1 1 1 3 2 1 1 1 1 1 5 3 2 1 1 1 1 1 2 1 1 1 9 5 3 2 1 1 1 1 1 2 1 1 1 4 2 1 1 1 2 1 1 16 9 5 3 2 1 1 1 1 1 2 1 1 1 4 2 1 1 1 2 1 1 7 4 2 1 1 1 2 1 1 3 2 1 1 1 1 22 16 9 5 3 2 1 1 1 1 1 2 1 1 1 4 2 1 1 1 2 1 1 7 4 2 1 1 1 2 1 1 3 2 1 1 1 1 9 5 3 2 1 1 1 1 1 2 1 1 1 4 2 1 1 1 2 1 1
387 155 94 56 34 21 13 8 5 2 1 1 1 3 2 1 1 1 1 1 5 3 2 1 1 1 1 1 2 1 1 1 8 5 3 2 1 1 1 1 1 2 1 1 1 3 2 1 1 1 1 1 13 8 5 3 2 1 1 1 1 1 2 1 1 1 3 2 1 1 1 1 1 5 3 2 1 1 1 1 1 2 1 1 1 22 13 8 5 3 2 1 1 1 1 1 2 1 1 1 3 2 1 1 1 1 1 5 3 2 1 1 1 1 1 2 1 1 1 9 5 3 2 1 1 1 1 1 2 1 1 1 4 2 1 1 1 2 1 1 38 22 13 8 5 3 2 1 1 1 1 1 2 1 1 1 3 2 1 1 1 1 1 5 3 2 1 1 1 1 1 2 1 1 1 9 5 3 2 1 1 1 1 1 2 1 1 1 4 2 1 1 1 2 1 1 16 9 5 3 2 1 1 1 1 1 2 1 1 1 4 2 1 1 1 2 1 1 7 4 2 1 1 1 2 1 1 3 2 1 1 1 1 61 38 22 13 8 5 3 2 1 1 1 1 1 2 1 1 1 3 2 1 1 1 1 1 5 3 2 1 1 1 1 1 2 1 1 1 9 5 3 2 1 1 1 1 1 2 1 1 1 4 2 1 1 1 2 1 1 16 9 5 3 2 1 1 1 1 1 2 1 1 1 4 2 1 1 1 2 1 1 7 4 2 1 1 1 2 1 1 3 2 1 1 1 1 23 16 9 5 3 2 1 1 1 1 1 2 1 1 1 4 2 1 1 1 2 1 1 7 4 2 1 1 1 2 1 1 3 2 1 1 1 1 9 5 4 2 1 1 1 2 1 1 2 1 1 1 4 2 1 1 1 2 1 1
388 156 94 56 34 21 13 8 5 2 1 1 1 3 2 1 1 1 1 1 5 3 2 1 1 1 1 1 2 1 1 1 8 5 3 2 1 1 1 1 1 2 1 1 1 3 2 1 1 1 1 1 13 8 5 3 2 1 1 1 1 1 2 1 1 1 3 2 1 1 1 1 1 5 3 2 1 1 1 1 1 2 1 1 1 22 13 8 5 3 2 1 1 1 1 1 2 1 1 1 3 2 1 1 1 1 1 5 3 2 1 1 1 1 1 2 1 1 1 9 5 3 2 1 1 1 1 1 2 1 1 1 4 2 1 1 1 2 1 1 38 22 13 8 5 3 2 1 1 1 1 1 2 1 1 1 3 2 1 1 1 1 1 5 3 2 1 1 1 1 1 2 1 1 1 9 5 3 2 1 1 1 1 1 2 1 1 1 4 2 1 1 1 2 1 1 16 9 5 3 2 1 1 1 1 1 2 1 1 1 4 2 1 1 1 2 1 1 7 4 2 1 1 1 2 1 1 3 2 1 1 1 1 62 38 22 13 8 5 3 2 1 1 1 1 1 2 1 1 1 3 2 1 1 1 1 1 5 3 2 1 1 1 1 1 2 1 1 1 9 5 3 2 1 1 1 1 1 2 1 1 1 4 2 1 1 1 2 1 1 16 9 5 3 2 1 1 1 1 1 2 1 1 1 4 2 1 1 1 2 1 1 7 4 2 1 1 1 2 1 1 3 2 1 1 1 1 24 16 9 5 3 2 1 1 1 1 1 2 1 1 1 4 2 1 1 1 2 1 1 7 4 2 1 1 1 2 1 1 3 2 1 1 1 1 9 6 4 2 1 1 1 2 1 1 2 2 1 1 1 4 2 1 1 1 2 1 1
389 157 94 56 34 21 13 8 5 2 1 1 1 3 2 1 1 1 1 1 5 3 2 1 1 1 1 1 2 1 1 1 8 5 3 2 1 1 1 1 1 2 1 1 1 3 2 1 1 1 1 1 13 8 5 3 2 1 1 1 1 1 2 1 1 1 3 2 1 1 1 1 1 5 3 2 1 1 1 1 1 2 1 1 1 22 13 8 5 3 2 1 1 1 1 1 2 1 1 1 3 2 1 1 1 1 1 5 3 2 1 1 1 1 1 2 1 1 1 9 5 3 2 1 1 1 1 1 2 1 1 1 4 2 1 1 1 2 1 1 38 22 13 8 5 3 2 1 1 1 1 1 2 1 1 1 3 2 1 1 1 1 1 5 3 2 1 1 1 1 1 2 1 1 1 9 5 3 2 1 1 1 1 1 2 1 1 1 4 2 1 1 1 2 1 1 16 9 5 3 2 1 1 1 1 1 2 1 1 1 4 2 1 1 1 2 1 1 7 4 2 1 1 1 2 1 1 3 2 1 1 1 1 63 38 22 13 8 5 3 2 1 1 1 1 1 2 1 1 1 3 2 1 1 1 1 1 5 3 2 1 1 1 1 1 2 1 1 1 9 5 3 2 1 1 1 1 1 2 1 1 1 4 2 1 1 1 2 1 1 16 9 5 3 2 1 1 1 1 1 2 1 1 1 4 2 1 1 1 2 1 1 7 4 2 1 1 1 2 1 1 3 2 1 1 1 1 25 16 9 5 3 2 1 1 1 1 1 2 1 1 1 4 2 1 1 1 2 1 1 7 4 2 1 1 1 2 1 1 3 2 1 1 1 1 9 7 4 2 1 1 1 2 1 1 3 2 1 1 1 1 4 2 1 1 1 2 1 1
390 158 94 56 34 21 13 8 5 2 1 1 1 3 2 1 1 1 1 1 5 3 2 1 1 1 1 1 2 1 1 1 8 5 3 2 1 1 1 1 1 2 1 1 1 3 2 1 1 1 1 1 13 8 5 3 2 1 1 1 1 1 2 1 1 1 3 2 1 1 1 1 1 5 3 2 1 1 1 1 1 2 1 1 1 22 13 8 5 3 2 1 1 1 1 1 2 1 1 1 3 2 1 1 1 1 1 5 3 2 1 1 1 1 1 2 1 1 1 9 5 3 2 1 1 1 1 1 2 1 1 1 4 2 1 1 1 2 1 1 38 22 13 8 5 3 2 1 1 1 1 1 2 1 1 1 3 2 1 1 1 1 1 5 3 2 1 1 1 1 1 2 1 1 1 9 5 3 2 1 1 1 1 1 2 1 1 1 4 2 1 1 1 2 1 1 16 9 5 3 2 1 1 1 1 1 2 1 1 1 4 2 1 1 1 2 1 1 7 4 2 1 1 1 2 1 1 3 2 1 1 1 1 64 38 22 13 8 5 3 2 1 1 1 1 1 2 1 1 1 3 2 1 1 1 1 1 5 3 2 1 1 1 1 1 2 1 1 1 9 5 3 2 1 1 1 1 1 2 1 1 1 4 2 1 1 1 2 1 1 16 9 5 3 2 1 1 1 1 1 2 1 1 1 4 2 1 1 1 2 1 1 7 4 2 1 1 1 2 1 1 3 2 1 1 1 1 26 16 9 5 3 2 1 1 1 1 1 2 1 1 1 4 2 1 1 1 2 1 1 7 4 2 1 1 1 2 1 1 3 2 1 1 1 1 10 7 4 2 1 1 1 2 1 1 3 2 1 1 1 1 4 2 2 1 1 1 2 1 1
484 195 114 68 48 28 16 9 5 2 1 1 1 4 2 1 1 1 2 1 1 7 4 2 1 1 1 2 1 1 3 2 1 1 1 1 12 7 4 2 1 1 1 2 1 1 3 2 1 1 1 1 5 3 2 1 1 1 1 2 1 1 1 20 12 7 4 2 1 1 1 2 1 1 3 2 1 1 1 1 5 3 2 1 1 1 1 2 1 1 1 8 5 3 2 1 1 1 1 2 1 1 1 3 2 1 1 1 1 1 28 16 9 6 4 2 1 1 1 2 1 1 2 2 1 1 1 4 2 1 1 1 2 1 1 7 4 2 1 1 1 2 1 1 3 2 1 1 1 1 12 7 4 2 1 1 1 2 1 1 3 2 1 1 1 1 5 3 2 1 1 1 1 2 1 1 1 48 28 16 9 5 3 2 1 1 1 1 1 2 1 1 1 4 2 1 1 1 2 1 1 7 4 2 1 1 1 2 1 1 3 2 1 1 1 1 12 7 4 2 1 1 1 2 1 1 3 2 1 1 1 1 5 3 2 1 1 1 1 2 1 1 1 20 12 7 4 2 1 1 1 2 1 1 3 2 1 1 1 1 5 3 2 1 1 1 1 2 1 1 1 8 5 3 2 1 1 1 1 2 1 1 1 3 2 1 1 1 1 1 81 48 28 16 9 5 3 2 1 1 1 1 1 2 1 1 1 4 2 1 1 1 2 1 1 7 4 2 1 1 1 2 1 1 3 2 1 1 1 1 12 7 4 2 1 1 1 2 1 1 3 2 1 1 1 1 5 3 2 1 1 1 1 2 1 1 1 20 12 7 4 2 1 1 1 2 1 1 3 2 1 1 1 1 5 3 2 1 1 1 1 2 1 1 1 8 5 3 2 1 1 1 1 2 1 1 1 3 2 1 1 1 1 1 33 20 12 7 4 2 1 1 1 2 1 1 3 2 1 1 1 1 5 3 2 1 1 1 1 2 1 1 1 8 5 3 2 1 1 1 1 2 1 1 1 3 2 1 1 1 1 1 13 8 5 3 2 1 1 1 1 2 1 1 1 3 2 1 1 1 1 1 5 3 2 1 1 1 1 1 2 1 1 1
485 195 114 69 48 28 16 9 5 2 1 1 1 4 2 1 1 1 2 1 1 7 4 2 1 1 1 2 1 1 3 2 1 1 1 1 12 7 4 2 1 1 1 2 1 1 3 2 1 1 1 1 5 3 2 1 1 1 1 2 1 1 1 20 12 7 4 2 1 1 1 2 1 1 3 2 1 1 1 1 5 3 2 1 1 1 1 2 1 1 1 8 5 3 2 1 1 1 1 2 1 1 1 3 2 1 1 1 1 1 28 16 9 7 4 2 1 1 1 2 1 1 3 2 1 1 1 1 4 2 1 1 1 2 1 1 7 4 2 1 1 1 2 1 1 3 2 1 1 1 1 12 7 4 2 1 1 1 2 1 1 3 2 1 1 1 1 5 3 2 1 1 1 1 2 1 1 1 48 28 16 9 5 3 2 1 1 1 1 1 2 1 1 1 4 2 1 1 1 2 1 1 7 4 2 1 1 1 2 1 1 3 2 1 1 1 1 12 7 4 2 1 1 1 2 1 1 3 2 1 1 1 1 5 3 2 1 1 1 1 2 1 1 1 20 12 7 4 2 1 1 1 2 1 1 3 2 1 1 1 1 5 3 2 1 1 1 1 2 1 1 1 8 5 3 2 1 1 1 1 2 1 1 1 3 2 1 1 1 1 1 81 48 28 16 9 5 3 2 1 1 1 1 1 2 1 1 1 4 2 1 1 1 2 1 1 7 4 2 1 1 1 2 1 1 3 2 1 1 1 1 12 7 4 2 1 1 1 2 1 1 3 2 1 1 1 1 5 3 2 1 1 1 1 2 1 1 1 20 12 7 4 2 1 1 1 2 1 1 3 2 1 1 1 1 5 3 2 1 1 1 1 2 1 1 1 8 5 3 2 1 1 1 1 2 1 1 1 3 2 1 1 1 1 1 33 20 12 7 4 2 1 1 1 2 1 1 3 2 1 1 1 1 5 3 2 1 1 1 1 2 1 1 1 8 5 3 2 1 1 1 1 2 1 1 1 3 2 1 1 1 1 1 13 8 5 3 2 1 1 1 1 2 1 1 1 3 2 1 1 1 1 1 5 3 2 1 1 1 1 1 2 1 1 1
486 195 114 70 48 28 16 9 5 2 1 1 1 4 2 1 1 1 2 1 1 7 4 2 1 1 1 2 1 1 3 2 1 1 1 1 12 7 4 2 1 1 1 2 1 1 3 2 1 1 1 1 5 3 2 1 1 1 1 2 1 1 1 20 12 7 4 2 1 1 1 2 1 1 3 2 1 1 1 1 5 3 2 1 1 1 1 2 1 1 1 8 5 3 2 1 1 1 1 2 1 1 1 3 2 1 1 1 1 1 28 16 10 7 4 2 1 1 1 2 1 1 3 2 1 1 1 1 4 2 2 1 1 1 2 1 1 7 4 2 1 1 1 2 1 1 3 2 1 1 1 1 12 7 4 2 1 1 1 2 1 1 3 2 1 1 1 1 5 3 2 1 1 1 1 2 1 1 1 48 28 16 9 5 3 2 1 1 1 1 1 2 1 1 1 4 2 1 1 1 2 1 1 7 4 2 1 1 1 2 1 1 3 2 1 1 1 1 12 7 4 2 1 1 1 2 1 1 3 2 1 1 1 1 5 3 2 1 1 1 1 2 1 1 1 20 12 7 4 2 1 1 1 2 1 1 3 2 1 1 1 1 5 3 2 1 1 1 1 2 1 1 1 8 5 3 2 1 1 1 1 2 1 1 1 3 2 1 1 1 1 1 81 48 28 16 9 5 3 2 1 1 1 1 1 2 1 1 1 4 2 1 1 1 2 1 1 7 4 2 1 1 1 2 1 1 3 2 1 1 1 1 12 7 4 2 1 1 1 2 1 1 3 2 1 1 1 1 5 3 2 1 1 1 1 2 1 1 1 20 12 7 4 2 1 1 1 2 1 1 3 2 1 1 1 1 5 3 2 1 1 1 1 2 1 1 1 8 5 3 2 1 1 1 1 2 1 1 1 3 2 1 1 1 1 1 33 20 12 7 4 2 1 1 1 2 1 1 3 2 1 1 1 1 5 3 2 1 1 1 1 2 1 1 1 8 5 3 2 1 1 1 1 2 1 1 1 3 2 1 1 1 1 1 13 8 5 3 2 1 1 1 1 2 1 1 1 3 2 1 1 1 1 1 5 3 2 1 1 1 1 1 2 1 1 1
487 195 114 71 48 28 16 9 5 2 1 1 1 4 2 1 1 1 2 1 1 7 4 2 1 1 1 2 1 1 3 2 1 1 1 1 12 7 4 2 1 1 1 2 1 1 3 2 1 1 1 1 5 3 2 1 1 1 1 2 1 1 1 20 12 7 4 2 1 1 1 2 1 1 3 2 1 1 1 1 5 3 2 1 1 1 1 2 1 1 1 8 5 3 2 1 1 1 1 2 1 1 1 3 2 1 1 1 1 1 28 16 11 7 4 2 1 1 1 2 1 1 3 2 1 1 1 1 4 3 2 1 1 1 1 2 1 1 7 4 2 1 1 1 2 1 1 3 2 1 1 1 1 12 7 4 2 1 1 1 2 1 1 3 2 1 1 1 1 5 3 2 1 1 1 1 2 1 1 1 48 28 16 9 5 3 2 1 1 1 1 1 2 1 1 1 4 2 1 1 1 2 1 1 7 4 2 1 1 1 2 1 1 3 2 1 1 1 1 12 7 4 2 1 1 1 2 1 1 3 2 1 1 1 1 5 3 2 1 1 1 1 2 1 1 1 20 12 7 4 2 1 1 1 2 1 1 3 2 1 1 1 1 5 3 2 1 1 1 1 2 1 1 1 8 5 3 2 1 1 1 1 2 1 1 1 3 2 1 1 1 1 1 81 48 28 16 9 5 3 2 1 1 1 1 1 2 1 1 1 4 2 1 1 1 2 1 1 7 4 2 1 1 1 2 1 1 3 2 1 1 1 1 12 7 4 2 1 1 1 2 1 1 3 2 1 1 1 1 5 3 2 1 1 1 1 2 1 1 1 20 12 7 4 2 1 1 1 2 1 1 3 2 1 1 1 1 5 3 2 1 1 1 1 2 1 1 1 8 5 3 2 1 1 1 1 2 1 1 1 3 2 1 1 1 1 1 33 20 12 7 4 2 1 1 1 2 1 1 3 2 1 1 1 1 5 3 2 1 1 1 1 2 1 1 1 8 5 3 2 1 1 1 1 2 1 1 1 3 2 1 1 1 1 1 13 8 5 3 2 1 1 1 1 2 1 1 1 3 2 1 1 1 1 1 5 3 2 1 1 1 1 1 2 1 1 1
488 195 114 72 48 28 16 9 5 2 1 1 1 4 2 1 1 1 2 1 1 7 4 2 1 1 1 2 1 1 3 2 1 1 1 1 12 7 4 2 1 1 1 2 1 1 3 2 1 1 1 1 5 3 2 1 1 1 1 2 1 1 1 20 12 7 4 2 1 1 1 2 1 1 3 2 1 1 1 1 5 3 2 1 1 1 1 2 1 1 1 8 5 3 2 1 1 1 1 2 1 1 1 3 2 1 1 1 1 1 28 16 12 7 4 2 1 1 1 2 1 1 3 2 1 1 1 1 5 3 2 1 1 1 1 2 1 1 1 7 4 2 1 1 1 2 1 1 3 2 1 1 1 1 12 7 4 2 1 1 1 2 1 1 3 2 1 1 1 1 5 3 2 1 1 1 1 2 1 1 1 48 28 16 9 5 3 2 1 1 1 1 1 2 1 1 1 4 2 1 1 1 2 1 1 7 4 2 1 1 1 2 1 1 3 2 1 1 1 1 12 7 4 2 1 1 1 2 1 1 3 2 1 1 1 1 5 3 2 1 1 1 1 2 1 1 1 20 12 7 4 2 1 1 1 2 1 1 3 2 1 1 1 1 5 3 2 1 1 1 1 2 1 1 1 8 5 3 2 1 1 1 1 2 1 1 1 3 2 1 1 1 1 1 81 48 28 16 9 5 3 2 1 1 1 1 1 2 1 1 1 4 2 1 1 1 2 1 1 7 4 2 1 1 1 2 1 1 3 2 1 1 1 1 12 7 4 2 1 1 1 2 1 1 3 2 1 1 1 1 5 3 2 1 1 1 1 2 1 1 1 20 12 7 4 2 1 1 1 2 1 1 3 2 1 1 1 1 5 3 2 1 1 1 1 2 1 1 1 8 5 3 2 1 1 1 1 2 1 1 1 3 2 1 1 1 1 1 33 20 12 7 4 2 1 1 1 2 1 1 3 2 1 1 1 1 5 3 2 1 1 1 1 2 1 1 1 8 5 3 2 1 1 1 1 2 1 1 1 3 2 1 1 1 1 1 13 8 5 3 2 1 1 1 1 2 1 1 1 3 2 1 1 1 1 1 5 3 2 1 1 1 1 1 2 1 1 1
489 195 114 73 48 28 16 9 5 2 1 1 1 4 2 1 1 1 2 1 1 7 4 2 1 1 1 2 1 1 3 2 1 1 1 1 12 7 4 2 1 1 1 2 1 1 3 2 1 1 1 1 5 3 2 1 1 1 1 2 1 1 1 20 12 7 4 2 1 1 1 2 1 1 3 2 1 1 1 1 5 3 2 1 1 1 1 2 1 1 1 8 5 3 2 1 1 1 1 2 1 1 1 3 2 1 1 1 1 1 28 17 12 7 4 2 1 1 1 2 1 1 3 2 1 1 1 1 5 3 2 1 1 1 1 2 1 1 1 7 4 2 2 1 1 1 2 1 1 3 2 1 1 1 1 12 7 4 2 1 1 1 2 1 1 3 2 1 1 1 1 5 3 2 1 1 1 1 2 1 1 1 48 28 16 9 5 3 2 1 1 1 1 1 2 1 1 1 4 2 1 1 1 2 1 1 7 4 2 1 1 1 2 1 1 3 2 1 1 1 1 12 7 4 2 1 1 1 2 1 1 3 2 1 1 1 1 5 3 2 1 1 1 1 2 1 1 1 20 12 7 4 2 1 1 1 2 1 1 3 2 1 1 1 1 5 3 2 1 1 1 1 2 1 1 1 8 5 3 2 1 1 1 1 2 1 1 1 3 2 1 1 1 1 1 81 48 28 16 9 5 3 2 1 1 1 1 1 2 1 1 1 4 2 1 1 1 2 1 1 7 4 2 1 1 1 2 1 1 3 2 1 1 1 1 12 7 4 2 1 1 1 2 1 1 3 2 1 1 1 1 5 3 2 1 1 1 1 2 1 1 1 20 12 7 4 2 1 1 1 2 1 1 3 2 1 1 1 1 5 3 2 1 1 1 1 2 1 1 1 8 5 3 2 1 1 1 1 2 1 1 1 3 2 1 1 1 1 1 33 20 12 7 4 2 1 1 1 2 1 1 3 2 1 1 1 1 5 3 2 1 1 1 1 2 1 1 1 8 5 3 2 1 1 1 1 2 1 1 1 3 2 1 1 1 1 1 13 8 5 3 2 1 1 1 1 2 1 1 1 3 2 1 1 1 1 1 5 3 2 1 1 1 1 1 2 1 1 1
490 195 114 74 48 28 16 9 5 2 1 1 1 4 2 1 1 1 2 1 1 7 4 2 1 1 1 2 1 1 3 2 1 1 1 1 12 7 4 2 1 1 1 2 1 1 3 2 1 1 1 1 5 3 2 1 1 1 1 2 1 1 1 20 12 7 4 2 1 1 1 2 1 1 3 2 1 1 1 1 5 3 2 1 1 1 1 2 1 1 1 8 5 3 2 1 1 1 1 2 1 1 1 3 2 1 1 1 1 1 28 18 12 7 4 2 1 1 1 2 1 1 3 2 1 1 1 1 5 3 2 1 1 1 1 2 1 1 1 7 4 3 2 1 1 1 1 2 1 1 3 2 1 1 1 1 12 7 4 2 1 1 1 2 1 1 3 2 1 1 1 1 5 3 2 1 1 1 1 2 1 1 1 48 28 16 9 5 3 2 1 1 1 1 1 2 1 1 1 4 2 1 1 1 2 1 1 7 4 2 1 1 1 2 1 1 3 2 1 1 1 1 12 7 4 2 1 1 1 2 1 1 3 2 1 1 1 1 5 3 2 1 1 1 1 2 1 1 1 20 12 7 4 2 1 1 1 2 1 1 3 2 1 1 1 1 5 3 2 1 1 1 1 2 1 1 1 8 5 3 2 1 1 1 1 2 1 1 1 3 2 1 1 1 1 1 81 48 28 16 9 5 3 2 1 1 1 1 1 2 1 1 1 4 2 1 1 1 2 1 1 7 4 2 1 1 1 2 1 1 3 2 1 1 1 1 12 7 4 2 1 1 1 2 1 1 3 2 1 1 1 1 5 3 2 1 1 1 1 2 1 1 1 20 12 7 4 2 1 1 1 2 1 1 3 2 1 1 1 1 5 3 2 1 1 1 1 2 1 1 1 8 5 3 2 1 1 1 1 2 1 1 1 3 2 1 1 1 1 1 33 20 12 7 4 2 1 1 1 2 1 1 3 2 1 1 1 1 5 3 2 1 1 1 1 2 1 1 1 8 5 3 2 1 1 1 1 2 1 1 1 3 2 1 1 1 1 1 13 8 5 3 2 1 1 1 1 2 1 1 1 3 2 1 1 1 1 1 5 3 2 1 1 1 1 1 2 1 1 1
491 195 114 75 48 28 16 9 5 2 1 1 1 4 2 1 1 1 2 1 1 7 4 2 1 1 1 2 1 1 3 2 1 1 1 1 12 7 4 2 1 1 1 2 1 1 3 2 1 1 1 1 5 3 2 1 1 1 1 2 1 1 1 20 12 7 4 2 1 1 1 2 1 1 3 2 1 1 1 1 5 3 2 1 1 1 1 2 1 1 1 8 5 3 2 1 1 1 1 2 1 1 1 3 2 1 1 1 1 1 28 19 12 7 4 2 1 1 1 2 1 1 3 2 1 1 1 1 5 3 2 1 1 1 1 2 1 1 1 7 5 3 2 1 1 1 1 2 1 1 1 3 2 1 1 1 1 12 7 4 2 1 1 1 2 1 1 3 2 1 1 1 1 5 3 2 1 1 1 1 2 1 1 1 48 28 16 9 5 3 2 1 1 1 1 1 2 1 1 1 4 2 1 1 1 2 1 1 7 4 2 1 1 1 2 1 1 3 2 1 1 1 1 12 7 4 2 1 1 1 2 1 1 3 2 1 1 1 1 5 3 2 1 1 1 1 2 1 1 1 20 12 7 4 2 1 1 1 2 1 1 3 2 1 1 1 1 5 3 2 1 1 1 1 2 1 1 1 8 5 3 2 1 1 1 1 2 1 1 1 3 2 1 1 1 1 1 81 48 28 16 9 5 3 2 1 1 1 1 1 2 1 1 1 4 2 1 1 1 2 1 1 7 4 2 1 1 1 2 1 1 3 2 1 1 1 1 12 7 4 2 1 1 1 2 1 1 3 2 1 1 1 1 5 3 2 1 1 1 1 2 1 1 1 20 12 7 4 2 1 1 1 2 1 1 3 2 1 1 1 1 5 3 2 1 1 1 1 2 1 1 1 8 5 3 2 1 1 1 1 2 1 1 1 3 2 1 1 1 1 1 33 20 12 7 4 2 1 1 1 2 1 1 3 2 1 1 1 1 5 3 2 1 1 1 1 2 1 1 1 8 5 3 2 1 1 1 1 2 1 1 1 3 2 1 1 1 1 1 13 8 5 3 2 1 1 1 1 2 1 1 1 3 2 1 1 1 1 1 5 3 2 1 1 1 1 1 2 1 1 1
492 195 114 76 48 28 16 9 5 2 1 1 1 4 2 1 1 1 2 1 1 7 4 2 1 1 1 2 1 1 3 2 1 1 1 1 12 7 4 2 1 1 1 2 1 1 3 2 1 1 1 1 5 3 2 1 1 1 1 2 1 1 1 20 12 7 4 2 1 1 1 2 1 1 3 2 1 1 1 1 5 3 2 1 1 1 1 2 1 1 1 8 5 3 2 1 1 1 1 2 1 1 1 3 2 1 1 1 1 1 28 20 12 7 4 2 1 1 1 2 1 1 3 2 1 1 1 1 5 3 2 1 1 1 1 2 1 1 1 8 5 3 2 1 1 1 1 2 1 1 1 3 2 1 1 1 1 1 12 7 4 2 1 1 1 2 1 1 3 2 1 1 1 1 5 3 2 1 1 1 1 2 1 1 1 48 28 16 9 5 3 2 1 1 1 1 1 2 1 1 1 4 2 1 1 1 2 1 1 7 4 2 1 1 1 2 1 1 3 2 1 1 1 1 12 7 4 2 1 1 1 2 1 1 3 2 1 1 1 1 5 3 2 1 1 1 1 2 1 1 1 20 12 7 4 2 1 1 1 2 1 1 3 2 1 1 1 1 5 3 2 1 1 1 1 2 1 1 1 8 5 3 2 1 1 1 1 2 1 1 1 3 2 1 1 1 1 1 81 48 28 16 9 5 3 2 1 1 1 1 1 2 1 1 1 4 2 1 1 1 2 1 1 7 4 2 1 1 1 2 1 1 3 2 1 1 1 1 12 7 4 2 1 1 1 2 1 1 3 2 1 1 1 1 5 3 2 1 1 1 1 2 1 1 1 20 12 7 4 2 1 1 1 2 1 1 3 2 1 1 1 1 5 3 2 1 1 1 1 2 1 1 1 8 5 3 2 1 1 1 1 2 1 1 1 3 2 1 1 1 1 1 33 20 12 7 4 2 1 1 1 2 1 1 3 2 1 1 1 1 5 3 2 1 1 1 1 2 1 1 1 8 5 3 2 1 1 1 1 2 1 1 1 3 2 1 1 1 1 1 13 8 5 3 2 1 1 1 1 2 1 1 1 3 2 1 1 1 1 1 5 3 2 1 1 1 1 1 2 1 1 1
493 195 114 77 48 28 16 9 5 2 1 1 1 4 2 1 1 1 2 1 1 7 4 2 1 1 1 2 1 1 3 2 1 1 1 1 12 7 4 2 1 1 1 2 1 1 3 2 1 1 1 1 5 3 2 1 1 1 1 2 1 1 1 20 12 7 4 2 1 1 1 2 1 1 3 2 1 1 1 1 5 3 2 1 1 1 1 2 1 1 1 8 5 3 2 1 1 1 1 2 1 1 1 3 2 1 1 1 1 1 29 20 12 7 4 2 1 1 1 2 1 1 3 2 1 1 1 1 5 3 2 1 1 1 1 2 1 1 1 8 5 3 2 1 1 1 1 2 1 1 1 3 2 1 1 1 1 1 12 7 4 2 2 1 1 1 2 1 1 3 2 1 1 1 1 5 3 2 1 1 1 1 2 1 1 1 48 28 16 9 5 3 2 1 1 1 1 1 2 1 1 1 4 2 1 1 1 2 1 1 7 4 2 1 1 1 2 1 1 3 2 1 1 1 1 12 7 4 2 1 1 1 2 1 1 3 2 1 1 1 1 5 3 2 1 1 1 1 2 1 1 1 20 12 7 4 2 1 1 1 2 1 1 3 2 1 1 1 1 5 3 2 1 1 1 1 2 1 1 1 8 5 3 2 1 1 1 1 2 1 1 1 3 2 1 1 1 1 1 81 48 28 16 9 5 3 2 1 1 1 1 1 2 1 1 1 4 2 1 1 1 2 1 1 7 4 2 1 1 1 2 1 1 3 2 1 1 1 1 12 7 4 2 1 1 1 2 1 1 3 2 1 1 1 1 5 3 2 1 1 1 1 2 1 1 1 20 12 7 4 2 1 1 1 2 1 1 3 2 1 1 1 1 5 3 2 1 1 1 1 2 1 1 1 8 5 3 2 1 1 1 1 2 1 1 1 3 2 1 1 1 1 1 33 20 12 7 4 2 1 1 1 2 1 1 3 2 1 1 1 1 5 3 2 1 1 1 1 2 1 1 1 8 5 3 2 1 1 1 1 2 1 1 1 3 2 1 1 1 1 1 13 8 5 3 2 1 1 1 1 2 1 1 1 3 2 1 1 1 1 1 5 3 2 1 1 1 1 1 2 1 1 1
494 195 114 78 48 28 16 9 5 2 1 1 1 4 2 1 1 1 2 1 1 7 4 2 1 1 1 2 1 1 3 2 1 1 1 1 12 7 4 2 1 1 1 2 1 1 3 2 1 1 1 1 5 3 2 1 1 1 1 2 1 1 1 20 12 7 4 2 1 1 1 2 1 1 3 2 1 1 1 1 5 3 2 1 1 1 1 2 1 1 1 8 5 3 2 1 1 1 1 2 1 1 1 3 2 1 1 1 1 1 30 20 12 7 4 2 1 1 1 2 1 1 3 2 1 1 1 1 5 3 2 1 1 1 1 2 1 1 1 8 5 3 2 1 1 1 1 2 1 1 1 3 2 1 1 1 1 1 12 7 4 3 2 1 1 1 1 2 1 1 3 2 1 1 1 1 5 3 2 1 1 1 1 2 1 1 1 48 28 16 9 5 3 2 1 1 1 1 1 2 1 1 1 4 2 1 1 1 2 1 1 7 4 2 1 1 1 2 1 1 3 2 1 1 1 1 12 7 4 2 1 1 1 2 1 1 3 2 1 1 1 1 5 3 2 1 1 1 1 2 1 1 1 20 12 7 4 2 1 1 1 2 1 1 3 2 1 1 1 1 5 3 2 1 1 1 1 2 1 1 1 8 5 3 2 1 1 1 1 2 1 1 1 3 2 1 1 1 1 1 81 48 28 16 9 5 3 2 1 1 1 1 1 2 1 1 1 4 2 1 1 1 2 1 1 7 4 2 1 1 1 2 1 1 3 2 1 1 1 1 12 7 4 2 1 1 1 2 1 1 3 2 1 1 1 1 5 3 2 1 1 1 1 2 1 1 1 20 12 7 4 2 1 1 1 2 1 1 3 2 1 1 1 1 5 3 2 1 1 1 1 2 1 1 1 8 5 3 2 1 1 1 1 2 1 1 1 3 2 1 1 1 1 1 33 20 12 7 4 2 1 1 1 2 1 1 3 2 1 1 1 1 5 3 2 1 1 1 1 2 1 1 1 8 5 3 2 1 1 1 1 2 1 1 1 3 2 1 1 1 1 1 13 8 5 3 2 1 1 1 1 2 1 1 1 3 2 1 1 1 1 1 5 3 2 1 1 1 1 1 2 1 1 1
495 195 114 79 48 28 16 9 5 2 1 1 1 4 2 1 1 1 2 1 1 7 4 2 1 1 1 2 1 1 3 2 1 1 1 1 12 7 4 2 1 1 1 2 1 1 3 2 1 1 1 1 5 3 2 1 1 1 1 2 1 1 1 20 12 7 4 2 1 1 1 2 1 1 3 2 1 1 1 1 5 3 2 1 1 1 1 2 1 1 1 8 5 3 2 1 1 1 1 2 1 1 1 3 2 1 1 1 1 1 31 20 12 7 4 2 1 1 1 2 1 1 3 2 1 1 1 1 5 3 2 1 1 1 1 2 1 1 1 8 5 3 2 1 1 1 1 2 1 1 1 3 2 1 1 1 1 1 12 7 5 3 2 1 1 1 1 2 1 1 1 3 2 1 1 1 1 5 3 2 1 1 1 1 2 1 1 1 48 28 16 9 5 3 2 1 1 1 1 1 2 1 1 1 4 2 1 1 1 2 1 1 7 4 2 1 1 1 2 1 1 3 2 1 1 1 1 12 7 4 2 1 1 1 2 1 1 3 2 1 1 1 1 5 3 2 1 1 1 1 2 1 1 1 20 12 7 4 2 1 1 1 2 1 1 3 2 1 1 1 1 5 3 2 1 1 1 1 2 1 1 1 8 5 3 2 1 1 1 1 2 1 1 1 3 2 1 1 1 1 1 81 48 28 16 9 5 3 2 1 1 1 1 1 2 1 1 1 4 2 1 1 1 2 1 1 7 4 2 1 1 1 2 1 1 3 2 1 1 1 1 12 7 4 2 1 1 1 2 1 1 3 2 1 1 1 1 5 3 2 1 1 1 1 2 1 1 1 20 12 7 4 2 1 1 1 2 1 1 3 2 1 1 1 1 5 3 2 1 1 1 1 2 1 1 1 8 5 3 2 1 1 1 1 2 1 1 1 3 2 1 1 1 1 1 33 20 12 7 4 2 1 1 1 2 1 1 3 2 1 1 1 1 5 3 2 1 1 1 1 2 1 1 1 8 5 3 2 1 1 1 1 2 1 1 1 3 2 1 1 1 1 1 13 8 5 3 2 1 1 1 1 2 1 1 1 3 2 1 1 1 1 1 5 3 2 1 1 1 1 1 2 1 1 1
496 195 114 80 48 28 16 9 5 2 1 1 1 4 2 1 1 1 2 1 1 7 4 2 1 1 1 2 1 1 3 2 1 1 1 1 12 7 4 2 1 1 1 2 1 1 3 2 1 1 1 1 5 3 2 1 1 1 1 2 1 1 1 20 12 7 4 2 1 1 1 2 1 1 3 2 1 1 1 1 5 3 2 1 1 1 1 2 1 1 1 8 5 3 2 1 1 1 1 2 1 1 1 3 2 1 1 1 1 1 32 20 12 7 4 2 1 1 1 2 1 1 3 2 1 1 1 1 5 3 2 1 1 1 1 2 1 1 1 8 5 3 2 1 1 1 1 2 1 1 1 3 2 1 1 1 1 1 12 8 5 3 2 1 1 1 1 2 1 1 1 3 2 1 1 1 1 1 5 3 2 1 1 1 1 2 1 1 1 48 28 16 9 5 3 2 1 1 1 1 1 2 1 1 1 4 2 1 1 1 2 1 1 7 4 2 1 1 1 2 1 1 3 2 1 1 1 1 12 7 4 2 1 1 1 2 1 1 3 2 1 1 1 1 5 3 2 1 1 1 1 2 1 1 1 20 12 7 4 2 1 1 1 2 1 1 3 2 1 1 1 1 5 3 2 1 1 1 1 2 1 1 1 8 5 3 2 1 1 1 1 2 1 1 1 3 2 1 1 1 1 1 81 48 28 16 9 5 3 2 1 1 1 1 1 2 1 1 1 4 2 1 1 1 2 1 1 7 4 2 1 1 1 2 1 1 3 2 1 1 1 1 12 7 4 2 1 1 1 2 1 1 3 2 1 1 1 1 5 3 2 1 1 1 1 2 1 1 1 20 12 7 4 2 1 1 1 2 1 1 3 2 1 1 1 1 5 3 2 1 1 1 1 2 1 1 1 8 5 3 2 1 1 1 1 2 1 1 1 3 2 1 1 1 1 1 33 20 12 7 4 2 1 1 1 2 1 1 3 2 1 1 1 1 5 3 2 1 1 1 1 2 1 1 1 8 5 3 2 1 1 1 1 2 1 1 1 3 2 1 1 1 1 1 13 8 5 3 2 1 1 1 1 2 1 1 1 3 2 1 1 1 1 1 5 3 2 1 1 1 1 1 2 1 1 1
497 195 114 81 48 28 16 9 5 2 1 1 1 4 2 1 1 1 2 1 1 7 4 2 1 1 1 2 1 1 3 2 1 1 1 1 12 7 4 2 1 1 1 2 1 1 3 2 1 1 1 1 5 3 2 1 1 1 1 2 1 1 1 20 12 7 4 2 1 1 1 2 1 1 3 2 1 1 1 1 5 3 2 1 1 1 1 2 1 1 1 8 5 3 2 1 1 1 1 2 1 1 1 3 2 1 1 1 1 1 33 20 12 7 4 2 1 1 1 2 1 1 3 2 1 1 1 1 5 3 2 1 1 1 1 2 1 1 1 8 5 3 2 1 1 1 1 2 1 1 1 3 2 1 1 1 1 1 13 8 5 3 2 1 1 1 1 2 1 1 1 3 2 1 1 1 1 1 5 3 2 1 1 1 1 1 2 1 1 1 48 28 16 9 5 3 2 1 1 1 1 1 2 1 1 1 4 2 1 1 1 2 1 1 7 4 2 1 1 1 2 1 1 3 2 1 1 1 1 12 7 4 2 1 1 1 2 1 1 3 2 1 1 1 1 5 3 2 1 1 1 1 2 1 1 1 20 12 7 4 2 1 1 1 2 1 1 3 2 1 1 1 1 5 3 2 1 1 1 1 2 1 1 1 8 5 3 2 1 1 1 1 2 1 1 1 3 2 1 1 1 1 1 81 48 28 16 9 5 3 2 1 1 1 1 1 2 1 1 1 4 2 1 1 1 2 1 1 7 4 2 1 1 1 2 1 1 3 2 1 1 1 1 12 7 4 2 1 1 1 2 1 1 3 2 1 1 1 1 5 3 2 1 1 1 1 2 1 1 1 20 12 7 4 2 1 1 1 2 1 1 3 2 1 1 1 1 5 3 2 1 1 1 1 2 1 1 1 8 5 3 2 1 1 1 1 2 1 1 1 3 2 1 1 1 1 1 33 20 12 7 4 2 1 1 1 2 1 1 3 2 1 1 1 1 5 3 2 1 1 1 1 2 1 1 1 8 5 3 2 1 1 1 1 2 1 1 1 3 2 1 1 1 1 1 13 8 5 3 2 1 1 1 1 2 1 1 1 3 2 1 1 1 1 1 5 3 2 1 1 1 1 1 2 1 1 1
498 195 115 81 48 28 16 9 5 2 1 1 1 4 2 1 1 1 2 1 1 7 4 2 1 1 1 2 1 1 3 2 1 1 1 1 12 7 4 2 1 1 1 2 1 1 3 2 1 1 1 1 5 3 2 1 1 1 1 2 1 1 1 20 12 7 4 2 1 1 1 2 1 1 3 2 1 1 1 1 5 3 2 1 1 1 1 2 1 1 1 8 5 3 2 1 1 1 1 2 1 1 1 3 2 1 1 1 1 1 33 20 12 7 4 2 1 1 1 2 1 1 3 2 1 1 1 1 5 3 2 1 1 1 1 2 1 1 1 8 5 3 2 1 1 1 1 2 1 1 1 3 2 1 1 1 1 1 13 8 5 3 2 1 1 1 1 2 1 1 1 3 2 1 1 1 1 1 5 3 2 1 1 1 1 1 2 1 1 1 48 28 16 9 5 4 2 1 1 1 2 1 1 2 1 1 1 4 2 1 1 1 2 1 1 7 4 2 1 1 1 2 1 1 3 2 1 1 1 1 12 7 4 2 1 1 1 2 1 1 3 2 1 1 1 1 5 3 2 1 1 1 1 2 1 1 1 20 12 7 4 2 1 1 1 2 1 1 3 2 1 1 1 1 5 3 2 1 1 1 1 2 1 1 1 8 5 3 2 1 1 1 1 2 1 1 1 3 2 1 1 1 1 1 81 48 28 16 9 5 3 2 1 1 1 1 1 2 1 1 1 4 2 1 1 1 2 1 1 7 4 2 1 1 1 2 1 1 3 2 1 1 1 1 12 7 4 2 1 1 1 2 1 1 3 2 1 1 1 1 5 3 2 1 1 1 1 2 1 1 1 20 12 7 4 2 1 1 1 2 1 1 3 2 1 1 1 1 5 3 2 1 1 1 1 2 1 1 1 8 5 3 2 1 1 1 1 2 1 1 1 3 2 1 1 1 1 1 33 20 12 7 4 2 1 1 1 2 1 1 3 2 1 1 1 1 5 3 2 1 1 1 1 2 1 1 1 8 5 3 2 1 1 1 1 2 1 1 1 3 2 1 1 1 1 1 13 8 5 3 2 1 1 1 1 2 1 1 1 3 2 1 1 1 1 1 5 3 2 1 1 1 1 1 2 1 1 1
499 195 116 81 48 28 16 9 5 2 1 1 1 4 2 1 1 1 2 1 1 7 4 2 1 1 1 2 1 1 3 2 1 1 1 1 12 7 4 2 1 1 1 2 1 1 3 2 1 1 1 1 5 3 2 1 1 1 1 2 1 1 1 20 12 7 4 2 1 1 1 2 1 1 3 2 1 1 1 1 5 3 2 1 1 1 1 2 1 1 1 8 5 3 2 1 1 1 1 2 1 1 1 3 2 1 1 1 1 1 33 20 12 7 4 2 1 1 1 2 1 1 3 2 1 1 1 1 5 3 2 1 1 1 1 2 1 1 1 8 5 3 2 1 1 1 1 2 1 1 1 3 2 1 1 1 1 1 13 8 5 3 2 1 1 1 1 2 1 1 1 3 2 1 1 1 1 1 5 3 2 1 1 1 1 1 2 1 1 1 48 28 16 9 6 4 2 1 1 1 2 1 1 2 2 1 1 1 4 2 1 1 1 2 1 1 7 4 2 1 1 1 2 1 1 3 2 1 1 1 1 12 7 4 2 1 1 1 2 1 1 3 2 1 1 1 1 5 3 2 1 1 1 1 2 1 1 1 20 12 7 4 2 1 1 1 2 1 1 3 2 1 1 1 1 5 3 2 1 1 1 1 2 1 1 1 8 5 3 2 1 1 1 1 2 1 1 1 3 2 1 1 1 1 1 81 48 28 16 9 5 3 2 1 1 1 1 1 2 1 1 1 4 2 1 1 1 2 1 1 7 4 2 1 1 1 2 1 1 3 2 1 1 1 1 12 7 4 2 1 1 1 2 1 1 3 2 1 1 1 1 5 3 2 1 1 1 1 2 1 1 1 20 12 7 4 2 1 1 1 2 1 1 3 2 1 1 1 1 5 3 2 1 1 1 1 2 1 1 1 8 5 3 2 1 1 1 1 2 1 1 1 3 2 1 1 1 1 1 33 20 12 7 4 2 1 1 1 2 1 1 3 2 1 1 1 1 5 3 2 1 1 1 1 2 1 1 1 8 5 3 2 1 1 1 1 2 1 1 1 3 2 1 1 1 1 1 13 8 5 3 2 1 1 1 1 2 1 1 1 3 2 1 1 1 1 1 5 3 2 1 1 1 1 1 2 1 1 1
