# p q x y e
864175120484581453683482079962486176185193500155369104423588921177379322250834082489183304374038697487834084609675858746433355728113743766078731283595263 269646717762154439093188519107318245794919405478265679616271228579382365654793758453241748971284397276186603733876839 954112701997459415893425512894153996162318153825597416203694702487256922243401673557177893089584184725307996846883428 -20884237557226232554080622565836564293697 391
864175120484581453683482079962486176185193500155369104423588921177379322250834082489183304374038697487834084609675858746433355728113743766078731283595263 1163264139244717671311131232477699680772788182302476793972709002517907651509550525755973992537341360154884571308339321 1847514950555247195680483567376246237110023751478823612266125006225058434044908017549189807006066223194250376637971580 -35683707142237373328665424224958002673503 391
864175120484581453683482079962486176185193500155369104423588921177379322250834082489183304374038697487834084609675858746433355728113743766078731283595263 619807962651711233933264231798485406506612033697677370322952763653753773331515701289576659256143213160903002152719171 57401452410469808225976748028020684881456068701312670162640481537527644012961074629190375168993846449293993702647452 -56293325869119328881173229099422818783301 391
864175120484581453683482079962486176185193500155369104423588921177379322250834082489183304374038697487834084609675858746433355728113743766078731283595263 1897824127731409251214716645490176039668482938532693892311211843811259382863028674533982985364059553672325335499160817 1523920361148922164776191078034539503489766062181597624400630620533084575530440226883566988526359611820981811597418580 64967808542930163238834711916019238794727 391
864175120484581453683482079962486176185193500155369104423588921177379322250834082489183304374038697487834084609675858746433355728113743766078731283595263 274531153397400634273355464205452143042090604279830575753516041017399620721170014955500322947567646348176161096933267 251439314700946823373290188488026364169604478838867841720688325607260295306140933447524035783137558408094957210560588 37971487120935960531868975295896849479371 391
864175120484581453683482079962486176185193500155369104423588921177379322250834082489183304374038697487834084609675858746433355728113743766078731283595263 613935005397802738004873874700845522214661713737550057976246756061809574260354393522518148559262226198941572117529339 1116714293472552393540572259561295183512934997298087119150725417471428564467607964861282624837569383962351378920884624 -41277197794397848170378387335914225001595 391
864175120484581453683482079962486176185193500155369104423588921177379322250834082489183304374038697487834084609675858746433355728113743766078731283595263 1028914528266344747814885964866433637665527480273750995864780555174546747897437537543079645322937045450081786613158541 1307513710932077141410325995302464542950694667608273279313844846815562383412540161430864286264802776407761015397385120 52929658814204808328297016658770067106957 391
864175120484581453683482079962486176185193500155369104423588921177379322250834082489183304374038697487834084609675858746433355728113743766078731283595263 19886766109521021567670886100236088672247580768891492646918916890907787429042966335411139696669110642425136594019669 261770551324075010075605584423535817723586117752191991621500190283890402485867237818891942840608970220242058031610492 6025829999613701841777353198967086547357 391
864175120484581453683482079962486176185193500155369104423588921177379322250834082489183304374038697487834084609675858746433355728113743766078731283595263 865159511347639262828333805339715561961592814954279833069580484413464689547922630244450908637651524507205993277771423 1080520601843291625332550930555120317630510190245996277789215981533893340949126584665437967749940383322972373067864720 -53216809745397376971907112004626155984415 391
864175120484581453683482079962486176185193500155369104423588921177379322250834082489183304374038697487834084609675858746433355728113743766078731283595263 1093651781928367709481793895458542117605328237687851417866661580302331389138722732936994725066500517262405476626609201 2045440630604699240344677276614255774163419927420099335896792414236931058493930469347920965566635534289083176339635928 -12539584512442374647737954993701563930799 391
864175120484581453683482079962486176185193500155369104423588921177379322250834082489183304374038697487834084609675858746433355728113743766078731283595263 1567817652133807717771481137096245992691222917936261342408109274302169722959595474290867931986563823811170228525760397 1062263199807953434576116049622938645227393136488962980418158983127153699740342014317856954497329670199836237937999548 -70709775504010387683177932665861777175019 391
864175120484581453683482079962486176185193500155369104423588921177379322250834082489183304374038697487834084609675858746433355728113743766078731283595263 2372845556529426461501540721465048507219803535786808678868187619087117692457903949870984407398273407374080580632731267 355163769830463563679431479644300188561712014759052824053424749548729207826299021375393198695009414583846699734784848 -84776040163354340060154091941974000113661 391
864175120484581453683482079962486176185193500155369104423588921177379322250834082489183304374038697487834084609675858746433355728113743766078731283595263 1548429033501047935429285445374837115758316390971608627141765490642212319911512359150718041513105821858643307479917439 758451304827858354460462336585911134953800099205551777815593454156483734762861132010453860852030252559291715849343852 74811290153910218910474497434671234403287 391
864175120484581453683482079962486176185193500155369104423588921177379322250834082489183304374038697487834084609675858746433355728113743766078731283595263 186868597244140503563726080129959277137177534083560347338084891606999724647117092201650707550466999570550649800268477 270987605056764651163599581602655833708659737862947113830909877939550289357072144551755361491598166235262938142892348 -31067811763768799608438893423703160234949 391
864175120484581453683482079962486176185193500155369104423588921177379322250834082489183304374038697487834084609675858746433355728113743766078731283595263 195599970346441421865321234540826398407865563882970991577387422506906414522052982626272631875838006456646757719835429 958257794817365102022359111015093336053695944804794131258807733790784408027376484731955470476443726845690747908600428 -5890255373705371967081958919725936165203 391
864175120484581453683482079962486176185193500155369104423588921177379322250834082489183304374038697487834084609675858746433355728113743766078731283595263 1979793553102598858765936690311233567987190230685855708336465287415342991606468260335099076281584769423603806134819137 364826995363686648524264473758515673428237698050602945614918730984984281173256362766635454824577233315546669704766540 82853618139332259120572760994747722223767 391
864175120484581453683482079962486176185193500155369104423588921177379322250834082489183304374038697487834084609675858746433355728113743766078731283595263 1060009089150849589356550937835300736354560412708776157070036938707319683026112133172823163797107709196907357941555417 2016018217889610026190179892408676337402601565306291157266129363860133724204937842630417068011615021776811442288467080 13528487902280547881894777036452331438073 391
864175120484581453683482079962486176185193500155369104423588921177379322250834082489183304374038697487834084609675858746433355728113743766078731283595263 2177658871293640508385783342300176503877131783091395778266616580961787627563383029315758436559263599660883422594201237 2177278055068991161011218476972643160779635789144791273491969047627412803093808816288700281494418590790555187675066968 41665090708173552286669992549605839284021 391
864175120484581453683482079962486176185193500155369104423588921177379322250834082489183304374038697487834084609675858746433355728113743766078731283595263 530231126079363017131914691383802165661642003251851211601489077397872630329231347312977270167661930517567377984458687 1310963246817059867192137034146509773720944847609144047332952789050310485092846111069554042348732752594605837109177940 27936175271633350318027331515749270383383 391
864175120484581453683482079962486176185193500155369104423588921177379322250834082489183304374038697487834084609675858746433355728113743766078731283595263 610419511118239366211873173314714839394474826913759722697562371051122461557929055293733395278287444996069530044369509 497692730712999292729013754620052532414059369460716509946654414623865686067657864741892854378643367273386712252754076 -53335679548421001360050975796331574188115 391
864175120484581453683482079962486176185193500155369104423588921177379322250834082489183304374038697487834084609675858746433355728113743766078731283595263 1498345396353803049177439679356264408734221542438183514406362329391725907507470668296698616220313752056583272600900781 1747748099809861509763768979643467302276149470161103426649446309619944609382249147901860968967980695893096050903422140 51107191676374515344664334642542443710923 391
864175120484581453683482079962486176185193500155369104423588921177379322250834082489183304374038697487834084609675858746433355728113743766078731283595263 1973285928524179578610951294998507342308982911386804696129624435065680388238868944910033363249354208563177393338972925 2183726423565213719935547983826886573825763496414661093612574962294480173826232399579270432540325642383817569593010160 -38631127837324393574613165545243518895485 391
864175120484581453683482079962486176185193500155369104423588921177379322250834082489183304374038697487834084609675858746433355728113743766078731283595263 744260054073559099433353926392456804586414505337088903856566111820419437651704972266021507817094677819828470396987109 206336126747334704686204267797883964372569853580910259820595962941526805035862563768277220015067593781412185191695528 60443059575291226099531128821813672510853 391
864175120484581453683482079962486176185193500155369104423588921177379322250834082489183304374038697487834084609675858746433355728113743766078731283595263 1365260019624806484259254504809041988066236159885518434128079357706581677501760849337513240150897998361766042388509469 1194773513613577417403448844357406002913844584166276455747641236040103907007009864937212541187560675543799320684049112 64491268632707819270591075379986796127933 391
864175120484581453683482079962486176185193500155369104423588921177379322250834082489183304374038697487834084609675858746433355728113743766078731283595263 2069526882836925923845468582737420353124530930341746624172136792259335502561509945307233183858230193343609132480393969 2472172244196160557956227648202642175773098269105948913235004630742336444800020719772901544312481538268587759080660788 -7053333522784333999112550438008784158617 391
864175120484581453683482079962486176185193500155369104423588921177379322250834082489183304374038697487834084609675858746433355728113743766078731283595263 912474042559237265327091453756504887148428394110514608678564869061240465042692504582619267786327502779167255929093179 947006697305725215666919293266417161031686149579812993965199499886283614388157515273121250739522402556601551812156688 57654891317266512383033081157991946254917 391
864175120484581453683482079962486176185193500155369104423588921177379322250834082489183304374038697487834084609675858746433355728113743766078731283595263 1304453601042415505401547916403592241462312062368006889260898793203053987943246128674693518518663850571927648917992461 1930876746002090403430012514521928880273063028172705435394374747711293150067215968196099120493724619283060036182359652 -36464694950311676139224216689555123834091 391
864175120484581453683482079962486176185193500155369104423588921177379322250834082489183304374038697487834084609675858746433355728113743766078731283595263 2423587757156298944362504078310978488217543608768887469502071925384940615365651740571162625424407370377351050490679439 538480119697128850890862357429038026537598484046392009063005022312669608641225377315315127972944535072378644812143476 83737172537974114759885870996091498105575 391
864175120484581453683482079962486176185193500155369104423588921177379322250834082489183304374038697487834084609675858746433355728113743766078731283595263 1332212700427910444385371943955398791179665168811475424741361646116966818954448591394435527126950114362705551031247269 1474414264917108471279374176164088322946890116394329459659118355024303978780162153665216283783261930903545611694039588 -56618726758146007862468119436657704948717 391
864175120484581453683482079962486176185193500155369104423588921177379322250834082489183304374038697487834084609675858746433355728113743766078731283595263 1610653848346547727798266706470104201249429324417573222931832247941671401126758197604058529386515490102719247181900601 2192240356253334518392189325032937489871371660016616403608195358025813649806465909879432221837891634707589920205566028 -28927450632697100981369390957736812006751 391
864175120484581453683482079962486176185193500155369104423588921177379322250834082489183304374038697487834084609675858746433355728113743766078731283595263 1423567027235501406796874575645801149770671944759586015897748141690712166444272757215583049406277582619980812164666951 1638033957161268809001101071538883205657485996463048514712270550085893923686354114048140310241844730337830138830293580 -53462299971011365550147063574122536368863 391
864175120484581453683482079962486176185193500155369104423588921177379322250834082489183304374038697487834084609675858746433355728113743766078731283595263 1371404314771100414429144958685545575608738303777787194001393309981641315806898121986202243904233174698748476304801169 494013260965682895267117337340491106999397526543320794574919920544772863894125452655503007601600167953964827925395508 -74464511760946272814308784996044363054393 391
864175120484581453683482079962486176185193500155369104423588921177379322250834082489183304374038697487834084609675858746433355728113743766078731283595263 967704870312825578885787995164891653441731603743765949955066989958859861172251654048259967071760352248416855648472225 246367747073455841930844153192741954237836888814616448864385675733049725048625617136787692323374633991275086495806900 67035792014614101195851934056671914122185 391
864175120484581453683482079962486176185193500155369104423588921177379322250834082489183304374038697487834084609675858746433355728113743766078731283595263 1895975428962163196127082483744211623017498794814659412995527171124872872327493836611035345157990022186017396024332299 881960981530662290550644491309191949606522391278590950655068227949879399282223720024429603010749259305719210181901624 -77494328445272602224753248199507968776085 391
864175120484581453683482079962486176185193500155369104423588921177379322250834082489183304374038697487834084609675858746433355728113743766078731283595263 1118888390270701403346094721632736447667664631920358581159425665553966150821882202795867767404405119202740662791258341 1057853827769549755364539402950994228065973199113867151293322601175987770524192414311114389561472545179967836512287260 61533604831665363829823245827707409175507 391
864175120484581453683482079962486176185193500155369104423588921177379322250834082489183304374038697487834084609675858746433355728113743766078731283595263 1222132584520465938948312052154774572518623156755565102928254807832001258130976306159554809226334343380565365715649351 1861517142086201093079516944968786788125049719882312332897963133163604925738362089210453666611639323397083227459629528 37340317283264442350378913278830520887001 391
864175120484581453683482079962486176185193500155369104423588921177379322250834082489183304374038697487834084609675858746433355728113743766078731283595263 2030065573486667872837067472096907588129736134641014217838350489236684637238695015642165274216030040204462960425400469 1660311683659790059424692860422710638489746627628102885897152013609623208068253069807184919982844688500706770103365908 -62361567525965703039690868067868967848093 391
864175120484581453683482079962486176185193500155369104423588921177379322250834082489183304374038697487834084609675858746433355728113743766078731283595263 1725857944426154446756410160322370681665720590803106939096260068627429431772469387008978588699883420696088083666755421 2310356561083783988703418304128568775071433670531408449683676785449075451101862188701064920761043754385790043823653880 21188043468646718396964037996916631372797 391
864175120484581453683482079962486176185193500155369104423588921177379322250834082489183304374038697487834084609675858746433355728113743766078731283595263 780049533928287728744868083934082457678512276719655242286310846571195545738086138301093809241442082853521439018992779 1819925765545698421758532788174447951100405264783224298458539399330528474308733457703140566838169326203076219714097952 3958159320627843435851472336049613122187 391
864175120484581453683482079962486176185193500155369104423588921177379322250834082489183304374038697487834084609675858746433355728113743766078731283595263 1002444891519691611562035147416803239846590096337872314140465658317930504951451875698202982795695274568188361514291021 1985236794124006693538956498125653939682349695905064680668531867025914924804399522527810494678030340862153149920391348 -11268214323537428168589032406854687824149 391
864175120484581453683482079962486176185193500155369104423588921177379322250834082489183304374038697487834084609675858746433355728113743766078731283595263 780732429616248924387657288799854348408479538306719138519898928753018941807000905066622825361203222814799953558223631 1669760357999174693932748765586036997007517275704457505531820067729778297669196041454679205326481828508308510797935192 -24996251535829568432742008987845388432401 391
864175120484581453683482079962486176185193500155369104423588921177379322250834082489183304374038697487834084609675858746433355728113743766078731283595263 969881131276410691526652627916550260855440382419774630957921363290184413607411645381998521673519668181153338104026449 1494259572578464352034842022888200827071822557436998268033625968165415335693669584929195561498562726955753531752878648 44588192138983069595933365163754819027087 391
864175120484581453683482079962486176185193500155369104423588921177379322250834082489183304374038697487834084609675858746433355728113743766078731283595263 2454638409317149370798189556825761873305416274185817328234596289114473257909818423893307880479164299878558760284428607 2287652297717895836439191151762073683887472835825484593159191554144261326564658530437062853030459694137297576338058468 -36020711426653585815150710410370820299049 391
864175120484581453683482079962486176185193500155369104423588921177379322250834082489183304374038697487834084609675858746433355728113743766078731283595263 465609192914085454097231086547109019474038627749052441738614881306496062041542031209520419073697922088903940224679969 24540950164801610361031940907281041383021001959195475186991143564257066075373217137752457217963435280525410586719612 -49656853238650516118431578164855351448567 391
864175120484581453683482079962486176185193500155369104423588921177379322250834082489183304374038697487834084609675858746433355728113743766078731283595263 841550480504752922533570937418395513224977395533561265448438165341061395357333542597214011207022150831151429153106097 541812420699469214055599045973060380939058653727357617779629438688281615913552239679296296604839157387923116189937420 61255182042639987502279505029671292298663 391
864175120484581453683482079962486176185193500155369104423588921177379322250834082489183304374038697487834084609675858746433355728113743766078731283595263 1079340744291764145672307357320868776637382745690334274309984525719534837468541292941988787164351193860696114219685671 1994881080299196540165564203951923348449251019506119557449049014320625918660771751362650019516794959166758338694752708 -18603465515731128129656732567660726334209 391
864175120484581453683482079962486176185193500155369104423588921177379322250834082489183304374038697487834084609675858746433355728113743766078731283595263 1623450546057020406090052419409811522921653937841242876441959382676530574194220493331426607135512650907792692220843739 1220621181168577336867958771963498612406835207853355203876576149016465965867983920973971828819283482323652865036245692 68562216093777408351949760575270570329107 391
864175120484581453683482079962486176185193500155369104423588921177379322250834082489183304374038697487834084609675858746433355728113743766078731283595263 1196771792796710129667600374826563759120092018923262161432312627843005668230550590632789789838007102465803686011732739 1760915678697190298386897633770499811952493537111917469137401635039118471302426199639163967616703934233429498940155124 41701035080254718896913997340962071808955 391
864175120484581453683482079962486176185193500155369104423588921177379322250834082489183304374038697487834084609675858746433355728113743766078731283595263 326502596798834444527518628429677130956039210863517185977040557573820304396000426237938504843499057786367155645796509 502233391336319010887453392670690007737354567757899221263348719273044121000324919814351335247121213194030575916673392 -38604092640438376068594474443828059484957 391
864175120484581453683482079962486176185193500155369104423588921177379322250834082489183304374038697487834084609675858746433355728113743766078731283595263 288637033305707621187787769425928216909155007702322375545125522536697140836985935806933986120608048645164704813317369 165465243211720041931464623746963586906287290450948071350598909184728414149748510248556494323900041402370015954228332 -39451766111647357760580104247547922884127 391
864175120484581453683482079962486176185193500155369104423588921177379322250834082489183304374038697487834084609675858746433355728113743766078731283595263 1634936148042639271684994701773959508622280651607244025973378379030650200192712622547136570544609491635175412062956951 788439211534633494321044196839199528151592872538626968950048702833656365744735562795978373414059501276115547015076568 -75691823968202222579584703650593859825289 391
864175120484581453683482079962486176185193500155369104423588921177379322250834082489183304374038697487834084609675858746433355728113743766078731283595263 1507429313190741096997085934671073114032891020790052466608753547806946996949674678641983543852743283803019862060194097 2253188729375477628105260333388925387026066883045561691384958976428658499366348722155910783020606169002096603415917072 -17125647616633574875894012902828788105649 391
864175120484581453683482079962486176185193500155369104423588921177379322250834082489183304374038697487834084609675858746433355728113743766078731283595263 1374051467325054385810621027471734435701537670951215311109201078237288448479605428790321332551751105483680558504760799 531578713952634129178792409484517843726194311929219375056357539534726138485062955720487291067301914677127016372155848 74211997545508337344971670547432284579263 391
864175120484581453683482079962486176185193500155369104423588921177379322250834082489183304374038697487834084609675858746433355728113743766078731283595263 2239550010905773850412110470107563223214570760226405227815899601570107573973918491407763904401039675311816856962641427 2172212053088635016757031704963955100779573068164058714721145291428724358771694325463440227884317070401954135794683772 42500925044393413857404036449285961788021 391
864175120484581453683482079962486176185193500155369104423588921177379322250834082489183304374038697487834084609675858746433355728113743766078731283595263 604361315466564231129708789417357144725899844393519899735003302400615730348084996753383016054740849941647828797356509 1583527649882310045883660798317679592252138976799993018418661614198309927029407580981735803616435125189108354034730352 -14240910412164936074820225029731171500963 391
864175120484581453683482079962486176185193500155369104423588921177379322250834082489183304374038697487834084609675858746433355728113743766078731283595263 54343515030885768461659818068855859726258670191252276457334556183817459820750025544343504623961547953329963526953407 433144054812003824413765826998683792183786549938186042898322175327311673698173365629978771567941612139837566242575840 9830464323825436740151338059928571619393 391
864175120484581453683482079962486176185193500155369104423588921177379322250834082489183304374038697487834084609675858746433355728113743766078731283595263 879026004075301306798946031379323200657308387012229720513971319580456069759620914738029803408734381670105230220045127 42415037757040158850345333972956650864122724748232049409030452802170752398896411150628309762784955048151765032269940 65068540030781904468340903554864247271647 391
864175120484581453683482079962486176185193500155369104423588921177379322250834082489183304374038697487834084609675858746433355728113743766078731283595263 1505027750638556858964745654134255452564020947297484523490452713855326146373872008857870478704834442804263638790777737 1617580267285449232194569721190078690415880851329302382395162263789361232222055425860333028921731363122692204873753840 -55987753330306677884752435642507016542217 391
864175120484581453683482079962486176185193500155369104423588921177379322250834082489183304374038697487834084609675858746433355728113743766078731283595263 995437822209375032340376863996918105441105562946322711947640664458540941508536416592974347665892443328678907284085329 1646069614520254077681325243176910967181953692663486794202028525213586518746570997964914833803017386773286128146837188 -39082926446745112703699173547874428420167 391
864175120484581453683482079962486176185193500155369104423588921177379322250834082489183304374038697487834084609675858746433355728113743766078731283595263 615687777915852931276801230540799174323913130528353185405421601639952700048351205541462296317547363848508205764658173 1337392160638831270717675553312002104009360528491056551254973467210759997401960850203565846110126233437476021113406120 -32937150698805902631645893644623010187165 391
864175120484581453683482079962486176185193500155369104423588921177379322250834082489183304374038697487834084609675858746433355728113743766078731283595263 1817197291683010818141855253770090137546995234052897956159935872714261167880909906737151252707812303199093938697332141 1722342618505723943915435895406219196180730643741475978360906912184163553959161545027842591087302393976121142181830492 -57892171237534716372660087106638689259339 391
864175120484581453683482079962486176185193500155369104423588921177379322250834082489183304374038697487834084609675858746433355728113743766078731283595263 803826644617980657250732979054361079831218244479809430214257938032119989897350686061220167542949951566308075082883629 648778237410130216498811855119754585440881470234595266677549985939445316430656451449807391112118900602224056261283192 -58791939057545811294195466189861204533043 391
864175120484581453683482079962486176185193500155369104423588921177379322250834082489183304374038697487834084609675858746433355728113743766078731283595263 2469254195341403885325884348952585989781763749595933453048355467364316031938424289578354573206693210928358006238443949 1317097826661828625842375484057136420276490301085345591930385161846769108713790330563083643882973510472365283591584948 73130063403671853956825665859570107874187 391
864175120484581453683482079962486176185193500155369104423588921177379322250834082489183304374038697487834084609675858746433355728113743766078731283595263 1765979008738162518737241337738372738634429546020131590940853301641413584666605429557802138793835258254387666834093967 800986322005882208248875786011318944308134457951329026294304311411129347910247468366984685328551531394620466459286632 -77170258756342950028702235381926895754641 391
864175120484581453683482079962486176185193500155369104423588921177379322250834082489183304374038697487834084609675858746433355728113743766078731283595263 614444523841631338132556881345037097331149034844960672221199435919116154002312680879782153901707161766927880420242161 1628236727804229338706382603993210479962636457106467471652382469798968329500297109138481728504668475324431466665823060 -9014729581078738847875064846371683038183 391
864175120484581453683482079962486176185193500155369104423588921177379322250834082489183304374038697487834084609675858746433355728113743766078731283595263 465281965359186590520244616695872833568813152333710840896698308112831053493371624807043324658437721450767089191293675 770904543991256283105148938436245013302750771430388152995486580958004762960507499118202203235353436463164556368796580 -42157348748017218021548479241742149898275 391
864175120484581453683482079962486176185193500155369104423588921177379322250834082489183304374038697487834084609675858746433355728113743766078731283595263 1142349666997934097332021280819447544398833257478336343009451750344217489712952558621571662031911284514079125500095297 1734449534799325982326923726949645525832218897870656779677207721353447839555772242975470425015014115306931479822206472 -40935526673828007723186742677249192955551 391
864175120484581453683482079962486176185193500155369104423588921177379322250834082489183304374038697487834084609675858746433355728113743766078731283595263 1189599081384322071832396352296394428077705002873951566184294524811693499839578639862829227410010481879527980323825273 1219488815227305794566502951747470891498048117108534426333224494748087387337457330590006628548004518492743293584092120 59868344688394095390700101290515348457625 391
864175120484581453683482079962486176185193500155369104423588921177379322250834082489183304374038697487834084609675858746433355728113743766078731283595263 33541432953802382341586045018553434025857037441010547226900060156854012173101430356448856857466345593155455295606551 50147543703741443339938843111742817285794267402668853347377774241739151113004038883136937108207559208275387280821432 13839833699717303416471785353019812551689 391
864175120484581453683482079962486176185193500155369104423588921177379322250834082489183304374038697487834084609675858746433355728113743766078731283595263 713264781339989619841386706119125933755459756545775346759121341966850556684714702983965093849460179651023788096291551 454873404745253348983252292918445408664819923123114694781984638731010182032713969144017851888575385764233635037204620 57745848118395364568127175287323161877687 391
864175120484581453683482079962486176185193500155369104423588921177379322250834082489183304374038697487834084609675858746433355728113743766078731283595263 401598562779220294337355009179801765136127784016493605514972048319022837311517147168682325155088419385162872762937371 1249094269161295526424685627234062998404964271143149819001109499086764315549464544792894813709529794312394935291711668 -18753564830184349728987056642203858841619 391
864175120484581453683482079962486176185193500155369104423588921177379322250834082489183304374038697487834084609675858746433355728113743766078731283595263 786732395369704010818277690690937080774523895416661074752997468748750189735368598496945293399401165601190744664423821 1667569342225083060897864384503980813687814980470243218802629435960251269699085706019757852800668855605334881834312552 -25639965033601189148470756755039176831699 391
864175120484581453683482079962486176185193500155369104423588921177379322250834082489183304374038697487834084609675858746433355728113743766078731283595263 1018882800350569785499597397438291592407879223055028554582192618527296607872365678080608471237563969742380624649730159 1709657016526578487235592488749293978185998527486062247092309918592966207502504821384676835365406064005515768102322508 36915247385120178139746076333857374419257 391
864175120484581453683482079962486176185193500155369104423588921177379322250834082489183304374038697487834084609675858746433355728113743766078731283595263 1369674191086042238323527208662360052860250433133214667083523623433840815568161394626405478983719730942113447627956399 1351195574840756632835652527884179476631303394853484115755630782978016365449118063793456274879630312900981435239857252 60910396601652890211013747804137036619463 391
864175120484581453683482079962486176185193500155369104423588921177379322250834082489183304374038697487834084609675858746433355728113743766078731283595263 10810926138614366225696571526071668414405084454753922043232039116295602692745094311159400631478039009261862222595331 231709211794350905832462032807971166935309121679261762742242384045465330758356743325543043126635811728914281619093800 -911766155228058658636406591262424477027 391
864175120484581453683482079962486176185193500155369104423588921177379322250834082489183304374038697487834084609675858746433355728113743766078731283595263 350452171964479485791763550569158315291729748338046827990559534034733268609661469175911793909347882481865936626373511 760728254274739455375254048898780419216398328344547803114627137647649183457364007320007922321137049587722132635492192 -35121320377136406307521166586512616624519 391
864175120484581453683482079962486176185193500155369104423588921177379322250834082489183304374038697487834084609675858746433355728113743766078731283595263 1856028791035956980697520115802484160794211743204811139144520335537330902648969476030963266477223099277183094179376509 2310162023281419542152238292681602674123042334781425871215410815862884836335635051813843978513224687593214086989941648 -25886866888192850106624982786719899176963 391
864175120484581453683482079962486176185193500155369104423588921177379322250834082489183304374038697487834084609675858746433355728113743766078731283595263 1689070659283977871365179261671422852982651052090904540317133235478499015901303994143675217316302946451517403779806331 2090251186681289167145984325447291852455838182941215993863545113590472773220540083355524554802920725512244459842137388 -38735547139576109124814541866701615497971 391
864175120484581453683482079962486176185193500155369104423588921177379322250834082489183304374038697487834084609675858746433355728113743766078731283595263 2028488341838722531335089078498412257650403753987786971198839060600641995632480800769366672222408791445742264763989571 510410394429974042405450696352263229794818034957862265634830124652341811031147418218209878920592445392670676898457368 -82314065421683899890666217413728388180131 391
864175120484581453683482079962486176185193500155369104423588921177379322250834082489183304374038697487834084609675858746433355728113743766078731283595263 1875080996345874957255200977986860071438910509614741944876709752349294644749370012642556070996097437627304309411541569 1000773067538256977692487831594136778340457369979984754255217752660877865781073108188268154123310615857448011570145072 75602621934710613200365758411052353354047 391
864175120484581453683482079962486176185193500155369104423588921177379322250834082489183304374038697487834084609675858746433355728113743766078731283595263 1307985687361321611936648143430287955185693267650706259342178010600696725484613531890253945250110045861227747383950701 800428617933384522984528440821585878213901290808693622256591870651110537705228245282077338567844831568631159412415760 70089199870331850350013514161627757535213 391
864175120484581453683482079962486176185193500155369104423588921177379322250834082489183304374038697487834084609675858746433355728113743766078731283595263 842659380043781237635628663212989848783376405841172353230767556528043257099485703974891373351732985482133618275284597 1330886822970743355284096947464769730051391650977717361417537412537427160013316014703859113811908306704790264276790248 -45238862126921063774255919297211327773419 391
864175120484581453683482079962486176185193500155369104423588921177379322250834082489183304374038697487834084609675858746433355728113743766078731283595263 817552940102076664596467731923107420918638506539881318971854591028789189618082344392144510040736652582996231882316723 1315644789081165383064873780454203681427154587392177926403504381349168211912203239132644757948839207422493425798373140 44664769257225674649107475087641391242645 391
864175120484581453683482079962486176185193500155369104423588921177379322250834082489183304374038697487834084609675858746433355728113743766078731283595263 2350897622894843485820867427884981081372578633475008153125832754572118095550190178956643653196551091092219894553480431 1881394153107307351847367229518219791890693223493803854492486500492174260731551381157334643503793878074016450573952560 -56822921381384627915574358519222826684527 391
864175120484581453683482079962486176185193500155369104423588921177379322250834082489183304374038697487834084609675858746433355728113743766078731283595263 464617063625765798182668542043599524336221258021034101727766179209694371793845923960021130886948281714001856802884367 1296173543187373651749374739324908088297329807301064564550427103781097064971973357381872480602745019874212943156082980 -22751947529733922961767413061919642767577 391
864175120484581453683482079962486176185193500155369104423588921177379322250834082489183304374038697487834084609675858746433355728113743766078731283595263 1410912763726929199446437976158733120614101246111065926229644951191947376036873370559462156320705045335863733351520001 1554501206215339735939959730262619431443443893376302156684470538080502565211907663099472412965757633778272289101697888 55986314323930671182055960000412859086591 391
864175120484581453683482079962486176185193500155369104423588921177379322250834082489183304374038697487834084609675858746433355728113743766078731283595263 292547319668531711711186256167503481058531316865648784284870367703065294695853877167477526696885781880481702213790919 1001780784070016653687221388363898033443895134352649299806966142980074826555774101567979182713140198345175692142204908 -21142779918049421091866214895587026493407 391
864175120484581453683482079962486176185193500155369104423588921177379322250834082489183304374038697487834084609675858746433355728113743766078731283595263 541614597293370261062916626675718601995007926780321917681752914561895875337843139173439238300123544146746930383296975 405191647947976591387068533137031504188248495451562724251514829018900457121867096151764947564236576731445912492603400 51298219700229316087557107111206548578735 391
864175120484581453683482079962486176185193500155369104423588921177379322250834082489183304374038697487834084609675858746433355728113743766078731283595263 1286371368040918714247647705598511539072256787719491629042791925743591853865259067588816345022936231439740759681264819 467416152458383016003734332098556646877780684799586348849971444622962863299352380126688749392010313432617695865296132 -73073990191911432671880834723856916298027 391
864175120484581453683482079962486176185193500155369104423588921177379322250834082489183304374038697487834084609675858746433355728113743766078731283595263 107943425933653583228386392182222716838417095194335577870516746013202089474277961629590200059560284691576349085769827 390439437406912419672746866733847903317143365128103974190478779652957282144605479908927381548610867147937862436834440 20978279079126647591264283096625192251453 391
864175120484581453683482079962486176185193500155369104423588921177379322250834082489183304374038697487834084609675858746433355728113743766078731283595263 1884837407821428745343403250026119861124069104824289403473336258683102322850266751547203159085462096894555113456284741 688730512663201026122309771988731768726363574723812591700430471406189862960229527057076804625863498568009456677580468 79626035213875532374024830720470749020851 391
864175120484581453683482079962486176185193500155369104423588921177379322250834082489183304374038697487834084609675858746433355728113743766078731283595263 1286126158978352034160425987538006563286930874271340762957788692095987321044941311063024322568546575413001244262089879 405738896432619565798994459600002924254208702541098494550896735736656647274906527399661057199272278754475467924115772 -73494388046882322054837034258900233381103 391
864175120484581453683482079962486176185193500155369104423588921177379322250834082489183304374038697487834084609675858746433355728113743766078731283595263 1720843673234468802945764610714604115268330221996109079526880635637884735118265923667048077360525726993993682625640341 185679684889705044160736851451166687807176278586712808438835475040341670951322765115804144598617463829325713063766868 81095430939104362565696215683981573470051 391
864175120484581453683482079962486176185193500155369104423588921177379322250834082489183304374038697487834084609675858746433355728113743766078731283595263 1564121210640570980665342364196195500087771505801063538799534637165375028965434685818474299046981585995624896597503809 403817018492886458991708197141672748345522973116776411147485150710324547064803103642802036683060164024248160330094552 78158527108920460745323709763616487254113 391
864175120484581453683482079962486176185193500155369104423588921177379322250834082489183304374038697487834084609675858746433355728113743766078731283595263 853509884761913646871280397938591912978325617349466789691852469824777590867071923569218114842029090206557431338144537 1229808827231554216232124078819264308398723082065144761149911601956094777308526085275025862405555698762997514089463428 -48868127858556718320649422095225377680961 391
864175120484581453683482079962486176185193500155369104423588921177379322250834082489183304374038697487834084609675858746433355728113743766078731283595263 624912244033874327483901249309301048841129303653012493468939298031701283239894515301798775518892641263197454126052981 1651355539457623400168401307656749077393157272907561011735333186262770673108149446723967523218889518649680563243700468 -6293417327483315716901485506720456556291 391
864175120484581453683482079962486176185193500155369104423588921177379322250834082489183304374038697487834084609675858746433355728113743766078731283595263 1924592059520012283696859127014505989467151418722951664785713761769052774943096517116927610305499220750627876872827267 1671270730507337864315152301715193409834787875540658390977001283309805619838515971709284526850090217718865329895850740 -60941172294814465133985067384033054228027 391
864175120484581453683482079962486176185193500155369104423588921177379322250834082489183304374038697487834084609675858746433355728113743766078731283595263 419583557300065159994013454729680922623486282591680971364708453158084657988367150851018539254193956155756297551885377 474059137720132916240338903584207758959394417394865898090441502653106751352321557523613994599118943317102279104373112 -44553098578807376182218578645892217962911 391
864175120484581453683482079962486176185193500155369104423588921177379322250834082489183304374038697487834084609675858746433355728113743766078731283595263 1532601013330140584881381934433000923769474441240712875017312385172678904433499942267084177403049962580427649024609831 2149236223954611914472700789227623999506683309842311967354471284966184616589007678649642821574030867311793286289983392 -29685279361231873334568441766936304348199 391
864175120484581453683482079962486176185193500155369104423588921177379322250834082489183304374038697487834084609675858746433355728113743766078731283595263 507317789656352935951598297743206024280859172650498611329862684785689059155254926350405466298413923733790127983481417 1443869733066859954660395359231247923391566323152373426606526330818080583663255989525648950018972300187733318211879292 15828227734203386682558697373053071235599 391
864175120484581453683482079962486176185193500155369104423588921177379322250834082489183304374038697487834084609675858746433355728113743766078731283595263 1376919396370306179823183880800494073075347900999122332781964956003678748528059901267864754736450327882542511951756526691137629148146302563307852761907 602876313507743424599426407528489985104167844676487553613021779082727759034418683569689569856614577263954266687473306748136665987705987844710134900196 51001232692298551362214303932772187596078665447265327407538530677132764203 500
864175120484581453683482079962486176185193500155369104423588921177379322250834082489183304374038697487834084609675858746433355728113743766078731283595263 323452175689000188358624561798951342324512461215869579582501420838797350881060557639669104974713999436354898650900113796544239483284899135130619176889 957118967172745012326572533212253026038971412575310400578231545812442217017635182489566748664832590795293957102674657179915359577142363536319407875964 -6638793165722428532268659446653260136428993923369373743667342906116869663 500
864175120484581453683482079962486176185193500155369104423588921177379322250834082489183304374038697487834084609675858746433355728113743766078731283595263 756287007138156425836603155933024450663461462901517411361071102224252527779960130098774760487436375400810125353821365409129814078091918486874043960277 659381383777028948389361518386722336785328615495501911381922464694044706755767793180355783225011229412236136219062579804617504033490971458849284968936 41227845918664715803142345596527146214836381277134091454377201472551149173 500
864175120484581453683482079962486176185193500155369104423588921177379322250834082489183304374038697487834084609675858746433355728113743766078731283595263 1342821749881463077216147609512188891689665762913765447017222976374983734921379413742813074732376343290289878120123453418581169377499699320306402157267 693223808215804591730438645565214452005166528832939151870758880548201796022752866148998961620106711387715881477945344898035869918327491300599466917384 49434564969226816907610519279547888099701599445724021441683236563400513587 500
864175120484581453683482079962486176185193500155369104423588921177379322250834082489183304374038697487834084609675858746433355728113743766078731283595263 1165462140950613932946973614099796751991447668483110283359058948783332247745751566557523273048700859692226418425375405199122272482175149290629730685747 1526961368553456003437090932895901040728924953363390079550978532764971337528511426065959115964108007404544057383129090569027880950703903504134450497620 -12031712157731683798435409370951767233618685595150156450583695034945703701 500
864175120484581453683482079962486176185193500155369104423588921177379322250834082489183304374038697487834084609675858746433355728113743766078731283595263 1253919207871375024389125590438665822581434647800732671857282541719284518922969470164107813379792734844344340951028124295026567774079765498041086032899 716160244988689959492719056458839321253793333048296093461569371280719357303990239565023548182793082640012495688511968931443679988647390150415484721080 48340029079676785015794513952908317152798540641770933721880125959373727389 500
864175120484581453683482079962486176185193500155369104423588921177379322250834082489183304374038697487834084609675858746433355728113743766078731283595263 120482149206488519651966858800845308729777716172835805041740430293592706445490146618953373928419013398126975346398332874520440783708021485612539272553 536813601558241980949682948605851310020619924863813709165769139639209896271199875086267072227813852567463892905069188840749679775507620009898547169056 10301123744771158217813105533689788539294691244960993557749794445843066729 500
864175120484581453683482079962486176185193500155369104423588921177379322250834082489183304374038697487834084609675858746433355728113743766078731283595263 950441408410572865151713806067213687170142647074251663777884690048467361627453461352786623341295465672857891197312247895548266772160359344561703796013 570218248482307503660836931164368104762388862162240721781276119056054177040313623848377945489075982073145753734248903978147138996850987030245216400488 46675306035658995695363416005773121327817852038600486666273933011294412595 500
864175120484581453683482079962486176185193500155369104423588921177379322250834082489183304374038697487834084609675858746433355728113743766078731283595263 1054941852957009561390517022223780199666095761720021669006912515499514018150018721119762947950018760536468843508513791799843642059216079796001610842509 1269150476953472979237513863929803319298094078007414220950726769460132686486483574222954117753906745486814601871942824799035312292385838598420976413540 -29056212666024488612486545660076883130689767925593803512306173988060629141 500
864175120484581453683482079962486176185193500155369104423588921177379322250834082489183304374038697487834084609675858746433355728113743766078731283595263 1149820331152738108340239309868639041941639298880279730248187237515737620230757660044231952844889666538634887920628742740787511624295292589178020405373 519151064481057971245090406034125619150924769312882441167466959090592593991701273772894532364573223688111104067467397337422864564681746580953925810084 -50135998666471399026472420361887519477857486621029011542192377625283863301 500
864175120484581453683482079962486176185193500155369104423588921177379322250834082489183304374038697487834084609675858746433355728113743766078731283595263 67930564689864907243904117539260753678303097171055298469460344258692259294367481545655477771778876938530248417903633692502433853010003411860828437825 200665432584435443713670896080469016574871548930876648870507513683786340453582021049149294842154867502560488023052737381771812872867755127242659782380 -14330996627616998205276162787817744014507668591668508415019343451161448215 500
864175120484581453683482079962486176185193500155369104423588921177379322250834082489183304374038697487834084609675858746433355728113743766078731283595263 841714127962001161126526632425987567323871900981948206212531244648764904695588982254447212064329295778966671369491172889870192891982468646709738863089 1410700041172955020849961972677880831635109794557819723294653506586465965848492599287766728556834166253847182377363119538766532238558908303496691138864 -8100236572187557558947993561058189465221814593395384531626946520731047537 500
864175120484581453683482079962486176185193500155369104423588921177379322250834082489183304374038697487834084609675858746433355728113743766078731283595263 1055555894347876965629791150489085781124982047569138965207023329315414472187868164824103595938039226497182300902249256601545760505862521131387491568577 940904341571002218142531282455225810130643304016025457272136716491502557074704493252646813342271748474307095319922116229937846687650363715213616576136 -41043288534044711969154684936040833038332218589486240565890966722168592927 500
864175120484581453683482079962486176185193500155369104423588921177379322250834082489183304374038697487834084609675858746433355728113743766078731283595263 74276700902003436712356525170623956347406858707883273243209033117211205056409906834302214605369965178212041571066415506314161981660185847728393870339 409940700044290266648295068005052561757860996292799925836157080450569844073692302258028893769434004156276083041213341885043919587636890751859393855700 8972318001294306740114225690384431695819375038297047037148792616129519419 500
864175120484581453683482079962486176185193500155369104423588921177379322250834082489183304374038697487834084609675858746433355728113743766078731283595263 1467321162473226047448796898043095180350107840059004962077439182720081792403406859523374928047298482225705607769489909026924984233220909520197913902601 175360440785037427035882424327408227391277055236052040272993020255542497795160239667244103469268863789119658734093012878627773792901723156390475462760 -55054705960007897038820933135787499105413221935181059010343010017079476265 500
864175120484581453683482079962486176185193500155369104423588921177379322250834082489183304374038697487834084609675858746433355728113743766078731283595263 928283853971337938860311061549962362511966441948327040687890717294471446997747439000208290857102887126724977427358985770212223386047921905157439349467 1080914269045830864754246076557831350058274973346551359948331844647081513260236448132373028340407800902366913884427222818726315284155387382919660717264 34162342229422851433070024068299606681548935030293410328669813751950616667 500
864175120484581453683482079962486176185193500155369104423588921177379322250834082489183304374038697487834084609675858746433355728113743766078731283595263 101717444654848574961149130346884541124657127404163481836803632541304398273686029947933091978946560837671028584231938557342638721289637179213347476263 347611537308190883413110720732230374163573820014591698811881599355668632033937668336543737946894729373287259670035944024237114222352604831523831094512 15280548440300469525002731240954981529411735616260553932522210513884672345 500
864175120484581453683482079962486176185193500155369104423588921177379322250834082489183304374038697487834084609675858746433355728113743766078731283595263 1080690498472212811716476696349636355135734445167339733287290671124554347789944020158889244268248863469342322707324933146649935269123127424402936588337 838071578450175622715494662494388392212584175845924877495460526474563111599272600622146659883680534749270978070445176803767486712464682076236577978364 43923970785084907786983192335927067641269271192318621905292857331764541337 500
864175120484581453683482079962486176185193500155369104423588921177379322250834082489183304374038697487834084609675858746433355728113743766078731283595263 516018997836050286607527944648978320021566755050956223122677440327988662713718742521387199531485714714925915889373054536942622341169728891416810866659 461976074404174799077958947632296271008819780371785586433129476534265261935453686303900986610243951216456144295238377992375084166920895496712217201040 -37410219008881012517782126437406395792386697445641812639825506513230050659 500
864175120484581453683482079962486176185193500155369104423588921177379322250834082489183304374038697487834084609675858746433355728113743766078731283595263 489860566508138070586088519305414439707037395846593884406650154465865013210257855942305967581935991432918009013367118056709893505782856617733703657149 1112678232895996123125221080196077343685256924762977764165625759651226359544033767738520340875388382873452051217878752168288524025318826410032842698336 12050401646280523999165013867226052197989613251838243289376324750710562627 500
864175120484581453683482079962486176185193500155369104423588921177379322250834082489183304374038697487834084609675858746433355728113743766078731283595263 1032343725614350949281219403872777177666584159038073296938824794428334324952631373940778889786659413523207984734614153494410089206089363080639891327487 1452621576202230721549188295060318741341098198370837268122267526241581713767919129629656053386208118644705228076105297083571415445825331729396075301756 15342540331040469607220814817272271426737323117844479301109772621277589783 500
864175120484581453683482079962486176185193500155369104423588921177379322250834082489183304374038697487834084609675858746433355728113743766078731283595263 644007242612159296421366244249324718460267924362298730881189554609877385067737479779325457746002151761301705305512013416577026330682330671602798218533 644094699152406855400207490667594282358935299459861184176584754273153610804948797208827801872960237607680408492335859018029690701735414960410094816624 -38463319338053229937791309645267224249149268417291334634756517490895869019 500
864175120484581453683482079962486176185193500155369104423588921177379322250834082489183304374038697487834084609675858746433355728113743766078731283595263 542688360453946190305463371541813836656736131221390546165966443981618613153823849236679508225054073438026434835665421643631255402405722423784820258693 871276617875277095610031866430387410645078793115606733030149081991191434603857718566096864445436609925519685745075985292759656182799502574848127384988 -28920607113391466514233955340702483547746828151721823552559342738418318285 500
864175120484581453683482079962486176185193500155369104423588921177379322250834082489183304374038697487834084609675858746433355728113743766078731283595263 1141199198217311886681385022359002636788573246793850549501734921354288064029263000933866417858771228315732480845152521382291137306414679943764508322275 1513111244105423317580978955791887319100219090654656477611580239938354420987734473991429474593525447725633400247798187112345513386220653098569266083540 12897403201191094946066253716939975764742939935824360892598900121742587365 500
864175120484581453683482079962486176185193500155369104423588921177379322250834082489183304374038697487834084609675858746433355728113743766078731283595263 1369035361564411974853118645489683747849603697844881536637239174784109997826886521596142068830029509414225059954265373673632388504453459279824850939913 557301324979623007780421993684913242932326265075009282497991976255238622604325035637460359473122194873137834456783592588723509921120907047414214678988 -51550940329300716632102828997720263169603232205045289535939912322181825295 500
864175120484581453683482079962486176185193500155369104423588921177379322250834082489183304374038697487834084609675858746433355728113743766078731283595263 455941719410923749732194049991196287110658320228613421265064104498778998919787162793609520753324388592863127097007435171039272604993114829983151200277 1131882873703307975220878260891540630269168800208237446445072283570738080043309208371238105149513937077299026395408730386851119902377241230365563951384 1993320726005152512642350732173530081533603386496895399628474403926575797 500
864175120484581453683482079962486176185193500155369104423588921177379322250834082489183304374038697487834084609675858746433355728113743766078731283595263 568107304938628994106026674016907173717380313342053999002357149967620916008331301760486946469299665716656496393055731958701732690037448756504782664817 1235688558430248491422271156641235032482024000874049430215911303379466766474621422146859931299402567283879375309043781729108956703897663869336924064100 -3395764919302784876189979791159689140956894213795498276633447190827508391 500
864175120484581453683482079962486176185193500155369104423588921177379322250834082489183304374038697487834084609675858746433355728113743766078731283595263 1044987056463114177998786079718216430956748874865476524195961533923713912839143545835695033076420103070520673766282301866127721145272092788334290926683 1488482302745817869422266401916069040049869390307269669644035455021727351083871546302484177031712353074675598663486879117499534960298372083627825122376 -11438765540899581122612457978066630767759178774282486739407543952575020731 500
864175120484581453683482079962486176185193500155369104423588921177379322250834082489183304374038697487834084609675858746433355728113743766078731283595263 1276435880916056814254518269044771630716645987107933699492663772397782123633637796049328899025211923039003090197166705899291610066329735133544865236497 766528240601135598631612610330912818022747510070428612184856412889041381865293871017952523375307297803783688196232269370913502213654391646763897487876 47641378919053502923434242908610781777726552055864452708336225755744232057 500
864175120484581453683482079962486176185193500155369104423588921177379322250834082489183304374038697487834084609675858746433355728113743766078731283595263 497314419325618681877566419800409531594895515782892150111006777767896878013904680564554366882621061527181990962000569181624569074489481233317680825113 1007619960279123743792532019766143919811002541804076761877102273081672762133619734725792503760697176088163501136302037978622161865471378260727168445512 20559610439896784421027543139964038320384269565460825876036471588459737145 500
864175120484581453683482079962486176185193500155369104423588921177379322250834082489183304374038697487834084609675858746433355728113743766078731283595263 455615226373649479384042302278147446150084726104224002514295665853762714362912057428098906386676940023503913514030488700133073469431139625581018236493 58666187929603190517787755439508639561925824593863155120127688801792258351250478375849945843535455712050597595798179710809014249185494681085544148024 38491824898667369733683691022262427620019504351281959637948375252376659219 500
864175120484581453683482079962486176185193500155369104423588921177379322250834082489183304374038697487834084609675858746433355728113743766078731283595263 621397971876352701089861232216295286387933506632304285345561942754135562730606081179841631470630261497542649894922999923275049909018591509117874502579 1283717461354029504883611858879698889559977851352938088845935763687862320651429088322989763594455272386294758035511544631688141666174075834967521427936 119423629886530900692764018234013915878453191351241802176179356624269747 500
864175120484581453683482079962486176185193500155369104423588921177379322250834082489183304374038697487834084609675858746433355728113743766078731283595263 1435278923367363679356365624638839748864667883622614307163785438296889405665974967684143706227351904940123995681868210001372513895173851887827327202903 1606408039640304468486538494984916874298808077807588155840968601100833745739452742351212890525650791010961805201884361359983422904511635598861651334796 -8168118214450600075893063347132568224398114311793731294369501278686711441 500
864175120484581453683482079962486176185193500155369104423588921177379322250834082489183304374038697487834084609675858746433355728113743766078731283595263 822637232134449311038814340075198171531488109672996042541729782062363954518486235494076663292358833755468372896350217183020632194155949988443291466663 1358311941612837217667970629983365289400821833191315531937974653665838781758759747072313301831434810815331371577468054237600432550498684581115349527704 14069724547539008587920875275733442191338603300022538963699263487014566791 500
864175120484581453683482079962486176185193500155369104423588921177379322250834082489183304374038697487834084609675858746433355728113743766078731283595263 266380422632715523725570537383471960711420105584881352794836364632760104399928069107298844173514769794950660396610917537111404592086112739586300473807 820040370013266920545052072854663463346989310531035466028590974300761197746415706715295369372227944859583047289312189891014110438188982232949850335880 12196139488624593477786392215235665509902885202586731387228940568139761071 500
864175120484581453683482079962486176185193500155369104423588921177379322250834082489183304374038697487834084609675858746433355728113743766078731283595263 763649916662902996601279482347647433875456592263619828920218886281757952321009243200638991042100549470629788076715823132045347226111354521007812665725 862581162135625605282096134700658880537666624002439551607755707061982231629293604589196216919657718944472763470890447580481084768453806392728120054680 -36834832236170229010331139288673271599798669643263894936902813428622031645 500
864175120484581453683482079962486176185193500155369104423588921177379322250834082489183304374038697487834084609675858746433355728113743766078731283595263 625039077985352040794136270468673333934365952672328178975456761134356956972726514315313228858910992908651522022963838843856816524086404811283857490303 775134166782186399480757170370942804324824214760810206583413730518474429710440534337318004158976042497651036650891481668621638969334196897154286991464 34931754481810837813762960257713746798430560395755090210983736686697603489 500
864175120484581453683482079962486176185193500155369104423588921177379322250834082489183304374038697487834084609675858746433355728113743766078731283595263 1402322844160096398330751005753993320880672467907380125296751808288430912974149654592493050836313795197931897083036296397519803364836608919862015295557 1608789631246702309873552453353326958828308388142814883042767057691737123841492694495127124679959643715326851448451312502739652708495097200452327301920 6421694351152086315488573206945994618348375169154490644358645314777807429 500
864175120484581453683482079962486176185193500155369104423588921177379322250834082489183304374038697487834084609675858746433355728113743766078731283595263 594716184788969441514620634702773546088814072561680295675884965764069392553696899125995821085574023920952173113585154210471807802584687808532559970777 903559824600792612949490822877822453355346930709770451274221346757384377891589465643331861572678727825100988146647306250608197004359574176216158624940 29978257871718546196451371045176472998381864537235451726812685664372471489 500
864175120484581453683482079962486176185193500155369104423588921177379322250834082489183304374038697487834084609675858746433355728113743766078731283595263 1496734191377552047374554195704822377651625033664669421507336546341532249915442359664399559612996013233170049318807118703901768487596293889310919067483 1515546620479910825222924555622730473495155185571147058197283344196475758701420352140508268980655110831487664590569257220120690611769562567099471612912 20475466003073871094373217008731801445107441825103980965597641383657230555 500
864175120484581453683482079962486176185193500155369104423588921177379322250834082489183304374038697487834084609675858746433355728113743766078731283595263 381370798210734105339376004378108983045292247568112552768090818395054361922560047107494339344172243437537767938473138085465334810825947464711551636177 480747035442761391359765144093979418746276823391122485565240582412362788474543376903653221423144099014615951229312612720252869892230415253098825148100 31762237410410704056258708103296163618049777743032671193854751226384303161 500
864175120484581453683482079962486176185193500155369104423588921177379322250834082489183304374038697487834084609675858746433355728113743766078731283595263 1475388741886884276371032452409042594953403599628938158262789241376422248502722689497538776476444590577240072710263449535438185305883501890287457121727 1431016752879498293363098470804745951164699065544009796598756757705896442486331812056887026994670299728899372771965941803066782801099541312105191856096 26457954405671994703392139204548365720088416870520346104559351545429701567 500
864175120484581453683482079962486176185193500155369104423588921177379322250834082489183304374038697487834084609675858746433355728113743766078731283595263 761031304287083810124894944963490219028876162865687100946469647554440931514709118115580997230637857050561064440186797955961198374216461046147846734827 316150737761013011885089094254351094124830397896982034449134238668022082976912787145264884412692960322467106370809138536106018579040462177719884879896 45791212841307048045586400421842654052087881213777437677259215275061950133 500
864175120484581453683482079962486176185193500155369104423588921177379322250834082489183304374038697487834084609675858746433355728113743766078731283595263 1316156850596124884792001389579186868605732715945047510818964616281057272997540091808843079555109122413162632869600120469976645552862531115237423368237 468099217121020990245056750518172233436501748708650154996832430618397036663741866417605295794492841720403122326315924375439235823210171077924642656584 -52224055733353505058858203491391591883491010097763667811293952561619852493 500
864175120484581453683482079962486176185193500155369104423588921177379322250834082489183304374038697487834084609675858746433355728113743766078731283595263 1376467503990991220993065506623670527689937767819184397357391958106089257385131596470105749165997242982648728662276648800104732685797951737087717089283 31946534034371085871267134583963475006414919451922656208414643072312723244981120232160012495633812578997396519335021435818631570569526363379033028412 54956880402522055178327972327840177968492845280485813310196025962901663995 500
864175120484581453683482079962486176185193500155369104423588921177379322250834082489183304374038697487834084609675858746433355728113743766078731283595263 902311927144295265391055048042682447904651941408173975587869426231102602021568844707819780525929167791696388693363123639894113166752647677668003032367 855428053725777401413368783557707199291981106527761978571875055859302618837705509418664595359996544159785585629982189354070176380277294446567524139696 -40360214824699736430682274193539322909293849757784697960457827619300333743 500
864175120484581453683482079962486176185193500155369104423588921177379322250834082489183304374038697487834084609675858746433355728113743766078731283595263 589366688518704967408143303836990471736721752191671571766774243261553161469761927625143683830578761652343358109851635501149005695898589534218499745325 1253580957965843522602521544178082973173686209861624585574887050705630213350420069679533450982334491775943358683595848654700434872274023865657802708320 -3470604359378471090680376323962420450760441077661091144700551266832670765 500
864175120484581453683482079962486176185193500155369104423588921177379322250834082489183304374038697487834084609675858746433355728113743766078731283595263 453706434646874157375911610560741530285743051237820738330297198651486915099100867564321150314173856164610625684063828763751553275863999081642541046023 121170686903617876079955279590709027241440753742838956839599645641805230622768292895110063895660311994237341776197739066433562191379260590760617077112 -38254300289064004881540985741793856832894731491836251989357559612123409895 500
864175120484581453683482079962486176185193500155369104423588921177379322250834082489183304374038697487834084609675858746433355728113743766078731283595263 691020033216825376385390525458802078008127167348577188472635701362210630149112909510411211088755227494277340549494233241120289075398444912936881072813 1242027407186263112857531694688870524663743079925177568272822710168801478211124351271422300990082662104570336071722994643931608605053420821831125794988 16728659462546035819990604141798169718707424670234782587704005415231209995 500
864175120484581453683482079962486176185193500155369104423588921177379322250834082489183304374038697487834084609675858746433355728113743766078731283595263 241315647716708450884739214999929095362568329542753325215944924445901942177909616152723877608492321100911900858907069515830915413136061620790089652783 713200350552562302149468416673198104748296873731866863534085117724543564390757794157055816324295477528255697092513829163276241665219684837084076302804 16065087397411752205713470736418070526180220090152807281097540899568526841 500
864175120484581453683482079962486176185193500155369104423588921177379322250834082489183304374038697487834084609675858746433355728113743766078731283595263 1118822588088110817080343022599647530119735569948658113051309214888965921141243841322149231162585208461622940516966469320238216035634551001514629264843 1022596279367983974024407145560233933704957467791570751851391375645545656885381520938762724136159476178846168999533265247305970162847412949907277984512 -39741637145291697159837513754755806718138027898987263359955598437775084085 500
864175120484581453683482079962486176185193500155369104423588921177379322250834082489183304374038697487834084609675858746433355728113743766078731283595263 1322581887892231002056113930118483849738095181711242151554410035258788056592398539371156171416698866703259971319120125478172240574455367964299892118827 445734947751794851466894438025576228141228007033891043681565870080979859907423621781604530280627884106147031625767312707296168204190743739544956992220 52494951842346649864402295267007864032893366647655164871740713845311715939 500
864175120484581453683482079962486176185193500155369104423588921177379322250834082489183304374038697487834084609675858746433355728113743766078731283595263 667034429819499420699164083051504860337854981906279391966727700349737015895626786266833995131440212843321675727399860151158110473227683934358618259859 320430006800360456910424979563713116177286007142251868306753427100081226432383969147793748492988053951787361243663003202452903738117370583494770555800 43508226404050582661114950514095446274119269732813292304973471432282077709 500
864175120484581453683482079962486176185193500155369104423588921177379322250834082489183304374038697487834084609675858746433355728113743766078731283595263 1408125702469801880340410569009131973520696222952761949408018587687018951274009351245774552128642806008517690764675906167736751677407038572247137704037 483144833923204869072854849557015577547717203305760442264058411683870373537050663912155710472313096833516204320559408993232726440938479918357821082136 -52623461269307149745838163192127027284545461268647254924220921362416641787 500
864175120484581453683482079962486176185193500155369104423588921177379322250834082489183304374038697487834084609675858746433355728113743766078731283595263 1603992854634805930008159481590927896665866676477883718590290003797088421510931881606530315308611080662777994824023789008294542230931773316921685442429 1538476123672340513031752302642222080575008351850327290469503527223667158728747929505619290007214047199044914321948705876819445878008261243646217288744 -18964217769958375276658036323559245911368351045327948865050054888622285027 500
864175120484581453683482079962486176185193500155369104423588921177379322250834082489183304374038697487834084609675858746433355728113743766078731283595263 920051855922554888433578764776465386557600394931253360932774025795123362575999196476618135366659999183892961506041448679716402075919452182812577853873 857848460704252566318183703652351766803816238683074067695356252181576259650069174975838753532335242508100604773852275612372169543955929940010396336888 -40668602909427530257285394850382360552751531667804845214364489501699645905 500
864175120484581453683482079962486176185193500155369104423588921177379322250834082489183304374038697487834084609675858746433355728113743766078731283595263 782541104356287190085429164900366494915362884810573883716066006931622206298267973371378136758527221019106792952619363016033366494100886103911814123063 1296033133947302572403341094040550093800768496696832907059198622587535841402932301617214225699152231965755339282301849145960928869929353260570231193112 -17659184285353664525340127734565225967973472436984073442715473259570440215 500
864175120484581453683482079962486176185193500155369104423588921177379322250834082489183304374038697487834084609675858746433355728113743766078731283595263 1331079458022462038860422226828091888916643787977031870172183536077058548760708370652912361990392759533016058433852608580312049719462685976468849697313 410428701557646520928965485034137273549436903375665400448358589747347189167743371507447968656006428399580406262387069491668186166302453804766035322812 52884712332674365250350602728598966917727071665789435080702795071530870025 500
864175120484581453683482079962486176185193500155369104423588921177379322250834082489183304374038697487834084609675858746433355728113743766078731283595263 1419242570091952715576207827776297899878231678493337149461661775095631692591692467890736702726961952994731609878146907221435343716786820016351477071101 1526714059215794022239049085030539491348516861857207176388164763226712420546330560567779279756372802163255053835081516925186895014508667880659338422140 -18651565283689016358065781000086081605988269604893136020456317752223911685 500
864175120484581453683482079962486176185193500155369104423588921177379322250834082489183304374038697487834084609675858746433355728113743766078731283595263 603800015408805619085949770573526958762280101201599698268795348155420667661336578253301750391705608837478048309865488612799728540875827624276113537127 1140436085732051612864956639642566459211728217164913355281720969623424045051406680047274475119813312918075127622339199452226395924502999453949075490556 -18979804418664499467942896221649490538307505940938916282505915022252325057 500
864175120484581453683482079962486176185193500155369104423588921177379322250834082489183304374038697487834084609675858746433355728113743766078731283595263 781356189477042310919893674424786075038717578600060547655728297325703431471669928105943664333568289940555464310041194505425652306564240404328375882603 535674792079121477556351703308275229990707241161053841111657032720289963103889778004401502883079806306284688794700807681350225749494049509620442914136 -43831043980792503953314816493338393344607500424983194728973944661327611189 500
864175120484581453683482079962486176185193500155369104423588921177379322250834082489183304374038697487834084609675858746433355728113743766078731283595263 1293471244943174085843851057415293120026703361804369482701637935557201790690795152985774807824974195122484599148213295341087069026378304213793469318647 1429034308195824248040591170567290842501044767059834639946078568135326064991078832763163647266511055632712418729392427921333184434788834290878758660180 -24502564378466342797572382551595663493956769057527429940151271292528324751 500
864175120484581453683482079962486176185193500155369104423588921177379322250834082489183304374038697487834084609675858746433355728113743766078731283595263 1395251881709982181545383484826759412969587247417045085844365603496420665487656885164622334835714714430820060630404013954353453654501824087211831705213 1606115810899302177872752411936430226544653688507071752649353003735432286667881575419292762640761141942018889412673211007382020066631619876578880512488 -6876919933943901728106987793638707521860317885521808503383314030474249245 500
864175120484581453683482079962486176185193500155369104423588921177379322250834082489183304374038697487834084609675858746433355728113743766078731283595263 817300402639570777845545020960035433880869036391738015523583602412017712249774270859429364049835947402367925800675428745790116943678938820129059598747 1251206705208936829996148277300651721492575405580788999859363745755475372077697003869885963638379740153804140655336704896934624480142282510763159879484 22611753256314848570581680977736641222410026320460755577290591761252549933 500
864175120484581453683482079962486176185193500155369104423588921177379322250834082489183304374038697487834084609675858746433355728113743766078731283595263 1467125548328503360874363061443759526225917007679906811783574654504799257688536989001849471675197742803620754236491863325613223500460764199822919140037 791826676039799834229919473934933480146162172006372118911904957067050531326223470701858569573431925073582490730599938061969501257004740138974222404720 48383811944837201116097745163068909468691988806255413071956121889232133819 500
864175120484581453683482079962486176185193500155369104423588921177379322250834082489183304374038697487834084609675858746433355728113743766078731283595263 758088251140164696340035607904054179340194021717516125825641738144687104044971778206135479276345033588608133012936881978202430573538190947796904794643 1291155826567898694980335619524161743172471349650183117040543915218629826447516834234216014331845776380252700507559641710276966826430583711666921171836 16655872013095187379194888446281839141640423335305701355829357767082847861 500
864175120484581453683482079962486176185193500155369104423588921177379322250834082489183304374038697487834084609675858746433355728113743766078731283595263 647146671268458452180923196394974562255603245369144495250709331176939339034433366926034673782738559419616236608429758954431617987889145580576870569953 585365143181028260696300741855956036206898980689423613113285129132124991301867153628569875163936475050740084554708552211943990102376547264419675691484 -39625528673187635169454001312373013871743039291619123967101545885022296649 500
864175120484581453683482079962486176185193500155369104423588921177379322250834082489183304374038697487834084609675858746433355728113743766078731283595263 251702208082654121083556079495555704671442673799073307791842564169393062234531938335087550152498794297617962063130362800087066877651671334035591283023 868251182013510450999531371282239664141281234507977404424370235594725357559947685237871195090514127375628175529736052201943627853626525636275842895588 -2785579695543134267498407320856689932166120741178088892497920874726294425 500
864175120484581453683482079962486176185193500155369104423588921177379322250834082489183304374038697487834084609675858746433355728113743766078731283595263 1053732981306210058546509198393351457548128927726693015963112956812807672603849391065071890879871988199690809453918305148008889099125645194686662995127 1248199555606122298512123121757522353106561540821754311188626565712753439533391732860190641989468199325603983399200271916751686266643738745708225955464 30061011793792081978289298820347254067335581350521004930177877730768022423 500
864175120484581453683482079962486176185193500155369104423588921177379322250834082489183304374038697487834084609675858746433355728113743766078731283595263 269080923926620302968486376875043588449001376032360596490138139499493952799553579355634144384536400557159013241592702134560988344599593075027201949849 888847193179580734254597930949392119330671201517099355257951814808671957456344906620587208270715912700068250456465883372832853466750581227681647229504 -4608438006713365719305075116177941507591464526621172049443917594068568217 500
864175120484581453683482079962486176185193500155369104423588921177379322250834082489183304374038697487834084609675858746433355728113743766078731283595263 1011664452950779424933049591806291848305530449632283143903415287920623367965436090307713726266056040159167732803558234812383895354922099694786998294097 1512554623844169877436194471350439340344185269091134563287478510364380740845500879250937872680794583174418025716971860939548952246206602565615858224244 -575749415676659930255861110218555463016642087553551689784497294127101177 500
864175120484581453683482079962486176185193500155369104423588921177379322250834082489183304374038697487834084609675858746433355728113743766078731283595263 726444507746723673432044190448624870007439059937415302277821445398431783635755078777800930476212621376226613008522703324005109504763054217497990665463 574254281431795080287513492682247485844578415777351821667908608559691640491682553959718725956338892785842804269362069607230391032774475238158281702916 41945441246629279978968257345320642109239719910844136745429664325766947151 500
864175120484581453683482079962486176185193500155369104423588921177379322250834082489183304374038697487834084609675858746433355728113743766078731283595263 804734586231256564517415943784329486625262475408977548625224085870272653195076916778190884001364423637526122358834200738874309865648653999791557518803 1080465528118956573298094207712277154893073153682636173555065005341562918003617301185053664285342919159749701689119585988792074991753166855643868097524 -30789028167075247301249282973607611923732296211511673039318772482473169419 500
864175120484581453683482079962486176185193500155369104423588921177379322250834082489183304374038697487834084609675858746433355728113743766078731283595263 543738845477301071585112876321559988047744578530218980974906112480919112764033548585646499196780044312387516309939636287193191496590050531430111593773 755539432845682741215656166724402240657540175700715218217591515228572336846586262918138848436588989414384908091429609633670974588958546855410896895112 -32510553345499800012706183803127828908532320039546871859561636387569284045 500
864175120484581453683482079962486176185193500155369104423588921177379322250834082489183304374038697487834084609675858746433355728113743766078731283595263 743947534245842956791117089044954756807630976758291203762225449248819476309518288229407776509095113610072395581481843716747981932013209656442842664527 1352752134364447933606001554735945617690423651237554548665900495859491272762077168044270014317592436302044453189007199083851064830964644840662618149176 7744778454865017579107898090993278246975462707131329929372602993292662737 500
864175120484581453683482079962486176185193500155369104423588921177379322250834082489183304374038697487834084609675858746433355728113743766078731283595263 821234854837010238574364506243274248770709183399015511832781874687360110920826926698595494754653179557715976001880393465818866180264057502470833264537 1373934958012542904124693797152830308387208071541826273562457615138601156388809785026928575416349768114870142420144739145896583035950960944311987554300 12079642724800406878100227774488612315986835849842812452145817604534745919 500
864175120484581453683482079962486176185193500155369104423588921177379322250834082489183304374038697487834084609675858746433355728113743766078731283595263 65374525271293982915982797918101239744716274036378803735748726263359969659181099928332969952449430010419388379227495807842227760387335873681623148451 44815712312730420924084843194737741033060018424528949051362622464273041857635804044901094663890150462006227589352586861137361713575647459671097697260 15503583376196371696274393156549793801240579766983262204948277388362148645 500
864175120484581453683482079962486176185193500155369104423588921177379322250834082489183304374038697487834084609675858746433355728113743766078731283595263 232915534056066439294401420288660024723560766753316630126570703445316048762767959654488695621987699677757949088372402777510283772268793031309201472559 452190911665101612085077161540582075352416540875954363115839804124406614047578954471296526340543613331233130407100388224179518791587246691003437532216 -24142592977128783298190792182180212515888006406475753281638797020156759537 500
864175120484581453683482079962486176185193500155369104423588921177379322250834082489183304374038697487834084609675858746433355728113743766078731283595263 1579158289067604709558209719250808647583340423154708051768935383577983609047452451233888047327962154173467916686694928829398714697895720043489862680003 1633482928185381156224853082837294211077192644920068607955934116826754182652323315629925804315724580035193844590159078305102281978126779524066374725364 -2885362820876899043362394665017137155642290783280758859716058085751517061 500
864175120484581453683482079962486176185193500155369104423588921177379322250834082489183304374038697487834084609675858746433355728113743766078731283595263 927595941916682014999288079006579355524970400412190920648116485096332669116358167011630402386187661169218172196626448402025649366758391635406077438219 364725322188327374472063523224233824510189179054337610624284924992967279331865331807788559206520031879586054448760667084678180708896055006855134626216 -48621162423640794871593562514688501912870977225120989557015323262130477973 500
864175120484581453683482079962486176185193500155369104423588921177379322250834082489183304374038697487834084609675858746433355728113743766078731283595263 1420310001313015179899743572856746242408224630309664388904329217140455630907733119176093461922604560572389466547874054783771705958181493638968554271877 1537639953079455629735009675889212085251704514818225508879590492655654684527576447635532170271082983529663807765765403023227704114625164025147598454424 17597547679311420665135809521024782938879375136474840476198632752855403813 500
864175120484581453683482079962486176185193500155369104423588921177379322250834082489183304374038697487834084609675858746433355728113743766078731283595263 1327246045130873455880617339270978452574748658967830742242582095050545521935506769513378068313797081871591777117182874099480355149098161525382657408477 1585524740422267900537864642067313354214966909229928618969011126411090234170953914912114150066432190914391877586133584237365728723282777466812553185416 -8943622552436232464727117175477190852397845125639623554852549507525826947 500
864175120484581453683482079962486176185193500155369104423588921177379322250834082489183304374038697487834084609675858746433355728113743766078731283595263 599058526713046923570610147674941348065708142198307191500808974069117310424456150098893029601436637537120111147680095569768369825742286006886471416127 274204829074560124930158421316377477180311677927573766035005113818501778713763684006559359124314146965866989745685566079482507681813286121826713875844 -42034263628636319595631207482221733284045652042517612856215145525750725207 500
864175120484581453683482079962486176185193500155369104423588921177379322250834082489183304374038697487834084609675858746433355728113743766078731283595263 1099808448252176081726967332123576994647466839039237666629650986201641789562375818865970437798718998127882784470172533767927970471211592030411987801151 1459526437936693536330534561682723594719162070953372887249908870576587337792599662194700157596079083903168384771433114537055812579791814728270235708740 17355683019148823211624079776039979193358824884655477472095514723723980375 500
864175120484581453683482079962486176185193500155369104423588921177379322250834082489183304374038697487834084609675858746433355728113743766078731283595263 200184779438600500526373486140246651721709078516512528751458560279160268961658775022617799189801352103563589350314425333470503487892616523322766595823 380025066496321563637095971902636133348163038060438784961386858316904500645587398866616836219764587867667485626938819030983524218263206618023614967612 23340638159443620705589392823691315122870320636409542995837937529663760505 500
864175120484581453683482079962486176185193500155369104423588921177379322250834082489183304374038697487834084609675858746433355728113743766078731283595263 1353557133180799135463902572405040036444155258827010562595384174241725137534067012320143850376771763519627108533232159593618236995369334601637235801057 233369608863948176040742631685806341502069264716337886636817747476485099226011223435981141301875360064413871479153435618119810342152594030164160540640 54258761057261568968564211450699417389224401728878458310518337548329713121 500
864175120484581453683482079962486176185193500155369104423588921177379322250834082489183304374038697487834084609675858746433355728113743766078731283595263 895828753085195105105929990941386999684240291077671637861116006260380951869849491225742291370743754604383995976650868830971635290097426544848367038443 1257106007735058809711031796412951100780364385287610087453446868481696094222711669811369483618755524120062885852938663595070039246906428787802623300156 -25218062610602147841726987641175867691058255055891872224049802287361117021 500
864175120484581453683482079962486176185193500155369104423588921177379322250834082489183304374038697487834084609675858746433355728113743766078731283595263 1228367254339517144091574112972666706499752349784186756508168494469552731330430519198139943909543983010146209631384725699861139740854586750032402698587 1256254237360201881541115795112805462657467554419996960919272348560185825668314448840504514168253636636420538418379200359222905676427713948600424782880 32873138769539176755666526678567018641810540011764314628490909140146845531 500
864175120484581453683482079962486176185193500155369104423588921177379322250834082489183304374038697487834084609675858746433355728113743766078731283595263 1026923572180478950856963999986418258965812215371645031000881339998090983893967536264426710605915196780122028615973360009628743431215796225612875859579 88274646965595642447878389043670789992589024646594321572595336832614577044340264510836095806499784316909624464567614284127582898674188077979160233924 -51580255111196706448453126532371220278612220642059676833106738572056393907 500
864175120484581453683482079962486176185193500155369104423588921177379322250834082489183304374038697487834084609675858746433355728113743766078731283595263 1217199915572906083397370244359639787101889252868329409352871722634969185038816429726619332271690874680453213543022003395269165877583221276215430088099 1098188070081157607535678066495431698270991621575634180827945132465347733479348271666933038651299439754398083386798246406688376805920327175787450185840 -38737532562091964515697064118201712184450209088973242121608962070881448739 500
864175120484581453683482079962486176185193500155369104423588921177379322250834082489183304374038697487834084609675858746433355728113743766078731283595263 231211975535439041199572047900307759081222147698894682266394001266322530820860137543681068351903445387893126887021424935795571936484118995347149533917 403469738591720527198543359030338431848257942203500922813701301968422032246248767474739769605309985241918508049270090327019944900165144380084336278384 -25011357415304828352116329953249433614243705118129629843956274454616102237 500
864175120484581453683482079962486176185193500155369104423588921177379322250834082489183304374038697487834084609675858746433355728113743766078731283595263 1223680571821446899324288272323621554442892002597252618486906381104790613832527217622685004115812208194957135096570935234530675427603551600797309005483 1263432740915866927691312637029679888913759384169963684085674321465680490112408535168292750281194696821471751319284418764693391548571405559486685831884 32484741090847526895661612603489511645374928606366129057055969513474843101 500
864175120484581453683482079962486176185193500155369104423588921177379322250834082489183304374038697487834084609675858746433355728113743766078731283595263 1312979356783648165589234504276533734010090474892179879978687391552618124838114211794319375984912704664155361225479147620471115843441169762485581040317 280222376312793010639750001488806526473362392691418422503044064086120848811325895704661777965477628387025429752030945755072904489026100154397957269476 53737070286851948484074664225178336098611118677720934544271450797123895227 500
864175120484581453683482079962486176185193500155369104423588921177379322250834082489183304374038697487834084609675858746433355728113743766078731283595263 857315696609116978248889453172898285624921747739458059927490671243865568661295747542636988667811943154569516156917428321491657717702771078734423534989 1275064143323444093499909705832765699531808382494362526737698341175701424917550112238255152415763827603605260284477934282241417522918190302653547310140 22706360455341540363335389163177411816790529774734718755017728827127836181 500
864175120484581453683482079962486176185193500155369104423588921177379322250834082489183304374038697487834084609675858746433355728113743766078731283595263 900573789306560542184603962521619363040477229237463082318281245379077450180590961858993518505555011048495923114156688246866748642453062195291609982709 640804265727046634932132014452547642835911895964830536302931080215212300675747299208610230083695144443376044502392641504541769794197948695069663974204 44694393187052167733477809750917547408560605915217811168468677262751296707 500
864175120484581453683482079962486176185193500155369104423588921177379322250834082489183304374038697487834084609675858746433355728113743766078731283595263 683486881465843032810791201108656728668908329077494091113249900779057968437279075300994119925292205771676773021091361112843853347306959911551391500953 1237839874051100180175983767161159089445165212773031242580680627009245664429740443109473376873583712425957238659113717354247202395177296152609612617324 -16592524488674429816661138313094904035722175310816645591446461994800552319 500
864175120484581453683482079962486176185193500155369104423588921177379322250834082489183304374038697487834084609675858746433355728113743766078731283595263 1181837168782630028395698727913692476732395783213671827579862934931427108410172101201073874736397022476079597605746158630475903433668328073831502443349 1194787918480716296606568817720448448138839996712455541128605849087619622256691753500343407291898213891195619973755466315816002700823530499612278009236 -34763516409810321470385373131094694308230771908897945781380016193664706723 500
864175120484581453683482079962486176185193500155369104423588921177379322250834082489183304374038697487834084609675858746433355728113743766078731283595263 1013942282928934554600829504244094172931894259258454421510372977348031020109033252408032380013937883745388792258594124404193086149141344418766669751319 1290800577828907651802370650418106440952919093886383340069936644246268578234298303080124469609411141126744107146668269212424205814553777483229642754680 -26888346210062104300637720362187546696247932836387682504153097277489905929 500
864175120484581453683482079962486176185193500155369104423588921177379322250834082489183304374038697487834084609675858746433355728113743766078731283595263 955866544668429623728729583163522889790655720539599534708793639780841688630762389999191163767569305275053491569210064413309912305455534608836230897613 878432506423146233905691112719140439383370050415392519311781139880193155492973034966881310682171004563044911232148179161780005443929419121247342167956 40871687093951201679867900462276551431518933846277290421254737642227756821 500
864175120484581453683482079962486176185193500155369104423588921177379322250834082489183304374038697487834084609675858746433355728113743766078731283595263 475727363861724331590884218294076159846094555118225584410721578449502005290986629444462385647982127980537328270516854986528651175649696931798316726573 1100458403627560237049750834131164019521016362334366534287502806115260975396599705573825423984864029250432283090842702380943606707493032029094465092088 -11779806636269443752522695514274835756978675172620312656148978771816807475 500
