# n [a_1, a_2, ..., a_n]
133 56 34 21 13 8 3 2 1 1 1 1 1 5 3 2 1 1 1 1 1 2 1 1 1 8 5 3 2 1 1 1 1 1 2 1 1 1 3 2 1 1 1 1 1 13 8 5 3 2 1 1 1 1 1 2 1 1 1 3 2 1 1 1 1 1 5 3 2 1 1 1 1 1 2 1 1 1 22 13 8 5 3 2 1 1 1 1 1 2 1 1 1 3 2 1 1 1 1 1 5 3 2 1 1 1 1 1 2 1 1 1 9 5 3 2 1 1 1 1 1 2 1 1 1 4 2 1 1 1 2 1 1
134 56 34 22 13 8 3 2 1 1 1 1 1 5 3 2 1 1 1 1 1 2 1 1 1 9 5 3 2 1 1 1 1 1 2 1 1 1 4 2 1 1 1 2 1 1 13 8 5 3 2 1 1 1 1 1 2 1 1 1 3 2 1 1 1 1 1 5 3 2 1 1 1 1 1 2 1 1 1 22 13 8 5 3 2 1 1 1 1 1 2 1 1 1 3 2 1 1 1 1 1 5 3 2 1 1 1 1 1 2 1 1 1 9 5 3 2 1 1 1 1 1 2 1 1 1 4 2 1 1 1 2 1 1
135 54 33 21 13 8 5 2 1 1 1 3 2 1 1 1 1 1 5 3 2 1 1 1 1 1 2 1 1 1 8 5 3 2 1 1 1 1 1 2 1 1 1 3 2 1 1 1 1 1 13 8 5 3 2 1 1 1 1 2 1 1 1 3 2 1 1 1 1 1 5 3 2 1 1 1 1 1 2 1 1 1 21 13 8 5 3 2 1 1 1 1 2 1 1 1 3 2 1 1 1 1 1 5 3 2 1 1 1 1 1 2 1 1 1 8 5 3 2 1 1 1 1 1 2 1 1 1 3 2 1 1 1 1 1
136 54 34 21 13 8 5 2 1 1 1 3 2 1 1 1 1 1 5 3 2 1 1 1 1 1 2 1 1 1 8 5 3 2 1 1 1 1 1 2 1 1 1 3 2 1 1 1 1 1 13 8 5 3 2 1 1 1 1 1 2 1 1 1 3 2 1 1 1 1 1 5 3 2 1 1 1 1 1 2 1 1 1 21 13 8 5 3 2 1 1 1 1 2 1 1 1 3 2 1 1 1 1 1 5 3 2 1 1 1 1 1 2 1 1 1 8 5 3 2 1 1 1 1 1 2 1 1 1 3 2 1 1 1 1 1
137 55 34 21 13 8 5 2 1 1 1 3 2 1 1 1 1 1 5 3 2 1 1 1 1 1 2 1 1 1 8 5 3 2 1 1 1 1 1 2 1 1 1 3 2 1 1 1 1 1 13 8 5 3 2 1 1 1 1 1 2 1 1 1 3 2 1 1 1 1 1 5 3 2 1 1 1 1 1 2 1 1 1 21 13 8 5 3 2 1 1 1 1 1 2 1 1 1 3 2 1 1 1 1 1 5 3 2 1 1 1 1 1 2 1 1 1 8 5 3 2 1 1 1 1 1 2 1 1 1 3 2 1 1 1 1 1
138 56 34 21 13 8 5 2 1 1 1 3 2 1 1 1 1 1 5 3 2 1 1 1 1 1 2 1 1 1 8 5 3 2 1 1 1 1 1 2 1 1 1 3 2 1 1 1 1 1 13 8 5 3 2 1 1 1 1 1 2 1 1 1 3 2 1 1 1 1 1 5 3 2 1 1 1 1 1 2 1 1 1 22 13 8 5 3 2 1 1 1 1 1 2 1 1 1 3 2 1 1 1 1 1 5 3 2 1 1 1 1 1 2 1 1 1 9 5 3 2 1 1 1 1 1 2 1 1 1 4 2 1 1 1 2 1 1
139 56 34 22 13 8 5 2 1 1 1 3 2 1 1 1 1 1 5 3 2 1 1 1 1 1 2 1 1 1 9 5 3 2 1 1 1 1 1 2 1 1 1 4 2 1 1 1 2 1 1 13 8 5 3 2 1 1 1 1 1 2 1 1 1 3 2 1 1 1 1 1 5 3 2 1 1 1 1 1 2 1 1 1 22 13 8 5 3 2 1 1 1 1 1 2 1 1 1 3 2 1 1 1 1 1 5 3 2 1 1 1 1 1 2 1 1 1 9 5 3 2 1 1 1 1 1 2 1 1 1 4 2 1 1 1 2 1 1
140 56 35 22 13 8 5 2 1 1 1 3 2 1 1 1 1 1 5 3 2 1 1 1 1 1 2 1 1 1 9 5 3 2 1 1 1 1 1 2 1 1 1 4 2 1 1 1 2 1 1 13 9 5 3 2 1 1 1 1 1 2 1 1 1 4 2 1 1 1 2 1 1 5 3 2 1 1 1 1 1 2 1 1 1 22 13 8 5 3 2 1 1 1 1 1 2 1 1 1 3 2 1 1 1 1 1 5 3 2 1 1 1 1 1 2 1 1 1 9 5 3 2 1 1 1 1 1 2 1 1 1 4 2 1 1 1 2 1 1
141 56 36 22 13 8 5 2 1 1 1 3 2 1 1 1 1 1 5 3 2 1 1 1 1 1 2 1 1 1 9 5 3 2 1 1 1 1 1 2 1 1 1 4 2 1 1 1 2 1 1 14 9 5 3 2 1 1 1 1 1 2 1 1 1 4 2 1 1 1 2 1 1 5 4 2 1 1 1 2 1 1 2 1 1 1 22 13 8 5 3 2 1 1 1 1 1 2 1 1 1 3 2 1 1 1 1 1 5 3 2 1 1 1 1 1 2 1 1 1 9 5 3 2 1 1 1 1 1 2 1 1 1 4 2 1 1 1 2 1 1
142 56 37 22 13 8 5 2 1 1 1 3 2 1 1 1 1 1 5 3 2 1 1 1 1 1 2 1 1 1 9 5 3 2 1 1 1 1 1 2 1 1 1 4 2 1 1 1 2 1 1 15 9 5 3 2 1 1 1 1 1 2 1 1 1 4 2 1 1 1 2 1 1 6 4 2 1 1 1 2 1 1 2 2 1 1 1 22 13 8 5 3 2 1 1 1 1 1 2 1 1 1 3 2 1 1 1 1 1 5 3 2 1 1 1 1 1 2 1 1 1 9 5 3 2 1 1 1 1 1 2 1 1 1 4 2 1 1 1 2 1 1
143 56 38 22 13 8 5 2 1 1 1 3 2 1 1 1 1 1 5 3 2 1 1 1 1 1 2 1 1 1 9 5 3 2 1 1 1 1 1 2 1 1 1 4 2 1 1 1 2 1 1 16 9 5 3 2 1 1 1 1 1 2 1 1 1 4 2 1 1 1 2 1 1 7 4 2 1 1 1 2 1 1 3 2 1 1 1 1 22 13 8 5 3 2 1 1 1 1 1 2 1 1 1 3 2 1 1 1 1 1 5 3 2 1 1 1 1 1 2 1 1 1 9 5 3 2 1 1 1 1 1 2 1 1 1 4 2 1 1 1 2 1 1
144 57 38 22 13 8 5 2 1 1 1 3 2 1 1 1 1 1 5 3 2 1 1 1 1 1 2 1 1 1 9 5 3 2 1 1 1 1 1 2 1 1 1 4 2 1 1 1 2 1 1 16 9 5 3 2 1 1 1 1 1 2 1 1 1 4 2 1 1 1 2 1 1 7 4 2 1 1 1 2 1 1 3 2 1 1 1 1 22 13 9 5 3 2 1 1 1 1 1 2 1 1 1 4 2 1 1 1 2 1 1 5 3 2 1 1 1 1 1 2 1 1 1 9 5 3 2 1 1 1 1 1 2 1 1 1 4 2 1 1 1 2 1 1
145 58 38 22 13 8 5 2 1 1 1 3 2 1 1 1 1 1 5 3 2 1 1 1 1 1 2 1 1 1 9 5 3 2 1 1 1 1 1 2 1 1 1 4 2 1 1 1 2 1 1 16 9 5 3 2 1 1 1 1 1 2 1 1 1 4 2 1 1 1 2 1 1 7 4 2 1 1 1 2 1 1 3 2 1 1 1 1 22 14 9 5 3 2 1 1 1 1 1 2 1 1 1 4 2 1 1 1 2 1 1 5 4 2 1 1 1 2 1 1 2 1 1 1 9 5 3 2 1 1 1 1 1 2 1 1 1 4 2 1 1 1 2 1 1
146 59 38 22 13 8 5 2 1 1 1 3 2 1 1 1 1 1 5 3 2 1 1 1 1 1 2 1 1 1 9 5 3 2 1 1 1 1 1 2 1 1 1 4 2 1 1 1 2 1 1 16 9 5 3 2 1 1 1 1 1 2 1 1 1 4 2 1 1 1 2 1 1 7 4 2 1 1 1 2 1 1 3 2 1 1 1 1 22 15 9 5 3 2 1 1 1 1 1 2 1 1 1 4 2 1 1 1 2 1 1 6 4 2 1 1 1 2 1 1 2 2 1 1 1 9 5 3 2 1 1 1 1 1 2 1 1 1 4 2 1 1 1 2 1 1
147 60 38 22 13 8 5 2 1 1 1 3 2 1 1 1 1 1 5 3 2 1 1 1 1 1 2 1 1 1 9 5 3 2 1 1 1 1 1 2 1 1 1 4 2 1 1 1 2 1 1 16 9 5 3 2 1 1 1 1 1 2 1 1 1 4 2 1 1 1 2 1 1 7 4 2 1 1 1 2 1 1 3 2 1 1 1 1 22 16 9 5 3 2 1 1 1 1 1 2 1 1 1 4 2 1 1 1 2 1 1 7 4 2 1 1 1 2 1 1 3 2 1 1 1 1 9 5 3 2 1 1 1 1 1 2 1 1 1 4 2 1 1 1 2 1 1
148 61 38 22 13 8 5 2 1 1 1 3 2 1 1 1 1 1 5 3 2 1 1 1 1 1 2 1 1 1 9 5 3 2 1 1 1 1 1 2 1 1 1 4 2 1 1 1 2 1 1 16 9 5 3 2 1 1 1 1 1 2 1 1 1 4 2 1 1 1 2 1 1 7 4 2 1 1 1 2 1 1 3 2 1 1 1 1 23 16 9 5 3 2 1 1 1 1 1 2 1 1 1 4 2 1 1 1 2 1 1 7 4 2 1 1 1 2 1 1 3 2 1 1 1 1 9 5 4 2 1 1 1 2 1 1 2 1 1 1 4 2 1 1 1 2 1 1
13 7 5 2 1 1 1 3 2 1 1 1 1
14 8 5 2 1 1 1 3 2 1 1 1 1 1
15 9 5 2 1 1 1 4 2 1 1 1 2 1 1
16 9 6 2 2 1 1 1 4 2 1 1 1 2 1 1
17 9 7 3 2 1 1 1 1 4 2 1 1 1 2 1 1
18 10 7 3 2 1 1 1 1 4 2 2 1 1 1 2 1 1
19 11 7 3 2 1 1 1 1 4 3 2 1 1 1 1 2 1 1
20 12 7 3 2 1 1 1 1 5 3 2 1 1 1 1 2 1 1 1
21 12 8 3 2 1 1 1 1 1 5 3 2 1 1 1 1 2 1 1 1
22 13 8 3 2 1 1 1 1 1 5 3 2 1 1 1 1 1 2 1 1 1
23 13 9 4 2 1 1 1 2 1 1 5 3 2 1 1 1 1 1 2 1 1 1
24 14 9 4 2 1 1 1 2 1 1 5 4 2 1 1 1 2 1 1 2 1 1 1
25 12 7 5 2 1 1 1 3 2 1 1 1 1 5 3 2 1 1 1 1 2 1 1 1
26 12 8 5 2 1 1 1 3 2 1 1 1 1 1 5 3 2 1 1 1 1 2 1 1 1
27 13 8 5 2 1 1 1 3 2 1 1 1 1 1 5 3 2 1 1 1 1 1 2 1 1 1
28 13 9 5 2 1 1 1 4 2 1 1 1 2 1 1 5 3 2 1 1 1 1 1 2 1 1 1
