# p q x y e
88381546413195830490356121814345177109849335243162749316048866938595612502926212981848292492799412243073940471444121917248865926738905612439870244913151 60387002207923579962733463269608625622313239576307854098060665195132101559858882778846911225911388094655231134793695 75989343060115483462641818249595234653840261832521095370079739405368450084837436919049347989473103944569045057529696 -1044951211498183292023229868961625731617 386
88381546413195830490356121814345177109849335243162749316048866938595612502926212981848292492799412243073940471444121917248865926738905612439870244913151 2720013069019805910514615667014550498981035852077114079094681114032359590477741807795268205202419714291092833786557 10222383018519121187930691860010160110307197662357569502269482385771730299043200799528893023877697697961803370000220 -1893267566443926725727297631270137415493 386
88381546413195830490356121814345177109849335243162749316048866938595612502926212981848292492799412243073940471444121917248865926738905612439870244913151 38739425646037871911406637161091949802827264144877265415340768945582570339605521918331661701491426073147129877309109 46185440362661199979093025277252839624827644297111485873912915433908744370415048419335355650219479347975760619021188 -5288425909498338796725027506323448808451 386
88381546413195830490356121814345177109849335243162749316048866938595612502926212981848292492799412243073940471444121917248865926738905612439870244913151 39011864141129886024928451952849162389815252136804245846733950651586661899083192975785286214161299993077201819075809 29333653463740729057185884495430677612777632854499231196248973461552007796563835888283463350355017501581593613570024 6527855768032725160159241245319019456513 386
88381546413195830490356121814345177109849335243162749316048866938595612502926212981848292492799412243073940471444121917248865926738905612439870244913151 52625724561147103250337344115709397182483701104652657984488913945158407087855626862921944140115782327913922231906383 35654982978492065511232943409439732416080238779342963799902572172094332881475014805237965944971928426935098607247608 -6937324381368387495871261656351671046097 386
88381546413195830490356121814345177109849335243162749316048866938595612502926212981848292492799412243073940471444121917248865926738905612439870244913151 19084927629386606166763033829961558386535370062187028711137364453439607050686463911457443379954516835417228141432979 48537773572596989729749552280911874865613384603251058846966670331920031731569127603605320933049723868056440436757984 1804493854197150227630983469780759840403 386
88381546413195830490356121814345177109849335243162749316048866938595612502926212981848292492799412243073940471444121917248865926738905612439870244913151 35916147877747607239378752713596498379070787906739198358654157848093426168977272025973689736087803597444120517344685 39098210155816364455865696485851061949927541569278146794060362588545575061575724555944406979693874092232548861545128 -5670662384689265615292398475060784081741 386
88381546413195830490356121814345177109849335243162749316048866938595612502926212981848292492799412243073940471444121917248865926738905612439870244913151 19506837698942944294812787275985763061094051251853441041096789327134538087764441785422360417378134999468575683415885 25583946451243731616732592264526647341163207439196540368911433940664485119434564541328411260210289962407624399903632 4803614939905379246686098956905849361971 386
88381546413195830490356121814345177109849335243162749316048866938595612502926212981848292492799412243073940471444121917248865926738905612439870244913151 41739251091398565100602386520701113528676257792620553105456121956047515509067880678025828764005772894306251840271919 17830443655585785984305919552041326835218798585423705813089106472697048248276146119781532929412725248523455191167696 7150051834359933388414997203466990487983 386
88381546413195830490356121814345177109849335243162749316048866938595612502926212981848292492799412243073940471444121917248865926738905612439870244913151 20070636991930230440400928569447079544134293130176298824270643434599515628056920561461299849187077622249484540855145 42874599301176425608786924168248100804738893019630477689452389120735494052833788688521657434652059247347432978025272 -3230273013834420841288054405677495716489 386
88381546413195830490356121814345177109849335243162749316048866938595612502926212981848292492799412243073940471444121917248865926738905612439870244913151 41535481529365554628458489955661723287588091543976214459953301913994051216962665233595486597754331087421578402065857 11289633728988293203064066840876068759040399252669782652308639618157161472412637388382545265694389349132494270000560 -7287450596843851973143003571393711990207 386
88381546413195830490356121814345177109849335243162749316048866938595612502926212981848292492799412243073940471444121917248865926738905612439870244913151 5413710876694129516469811976256168268819503395131090508840615985244922383506536806267925086791423052085049948301121 18966241932088983232078546377101405849055089058954980643452517589857761188203108010795701874297486947766285955220028 -2291817546423741460274896035175527625513 386
88381546413195830490356121814345177109849335243162749316048866938595612502926212981848292492799412243073940471444121917248865926738905612439870244913151 8198995700870413487175030922617691250318583261637552382078058577255082739166739945241967626341769470941319871624907 33878103082181656840932507110835627396255852205262577607508077184452788279555019054551370983313606212944281197708900 935077209900532671563521391226851695107 386
88381546413195830490356121814345177109849335243162749316048866938595612502926212981848292492799412243073940471444121917248865926738905612439870244913151 48451853106688442408477181218303976915817271719019364304343883131880104907075605882945596711252630571163894849797571 43165550865960214759102555941531250016562316600970157062914853939555755846407974682108453519888593915639244650763572 6225648716296171095155789033601075579013 386
88381546413195830490356121814345177109849335243162749316048866938595612502926212981848292492799412243073940471444121917248865926738905612439870244913151 58874462462243240772963902450227088973140673713233036103796142578317154097482602734922474290171581657986664006277649 73583530616491075356404714202078947229330774187526593008706974690534341566776956049648941165167453002030847393716548 2123006395090898699789944426992401734791 386
88381546413195830490356121814345177109849335243162749316048866938595612502926212981848292492799412243073940471444121917248865926738905612439870244913151 43390169346748534434716941367433619720286476827105515147796192156989085474293865144966434681637024719246584505580687 3528504745386249563054617208122664087487191378679084800040019130928669815273425565975230989841307995665066739653380 7478864575781334833525648567590216637657 386
88381546413195830490356121814345177109849335243162749316048866938595612502926212981848292492799412243073940471444121917248865926738905612439870244913151 72402848767585140547516941871404800885296100357888827115644486889126494990510171232931575306539709392905233213854747 70765557257801446204337454122414401277848969284513766916511967267807810534905241923072734299299744299284664985969668 3624913572913087396917740644894569504685 386
88381546413195830490356121814345177109849335243162749316048866938595612502926212981848292492799412243073940471444121917248865926738905612439870244913151 61730787763468895560383153852834198262452960475775122168852217574600896401980091853881081284709944727507360335614857 44658743502655537213448794305678564734086298114882036616570071197759313733878093589654565508486668011399541576059040 6663360804067793601273167987330316006793 386
88381546413195830490356121814345177109849335243162749316048866938595612502926212981848292492799412243073940471444121917248865926738905612439870244913151 9549881362739720196138518373040233964181804715461777692565070873095987007427561957069053963101821096216436157526275 24502299083451417935093138040696081719506005051951855947097537919502422672594954303558917551468465469394061213163148 3034017008826460862364337537476250388411 386
88381546413195830490356121814345177109849335243162749316048866938595612502926212981848292492799412243073940471444121917248865926738905612439870244913151 78434191418055031213914906778435400866755291885253530186080962824534247176467186576570460505054984702442949661549339 59450533952111319318574673830924233330895261383937714944769135598106731458445321681849672038032650366259178661259640 -5502085432338665200719337702172458079365 386
88381546413195830490356121814345177109849335243162749316048866938595612502926212981848292492799412243073940471444121917248865926738905612439870244913151 2010798398942927273269705284057585846086466981541183631374233712296633327624512417508282745249871194664287783154509 7234457208328106105893815803081743759407348846616545832815687621575742437322620617087860930795487843330390985065148 1716936137058715382840864191876572976171 386
88381546413195830490356121814345177109849335243162749316048866938595612502926212981848292492799412243073940471444121917248865926738905612439870244913151 22815930959480233545219678714447826596072767296361898114673839425379905640376101717493325630269039613870773147859209 54333670726150710174187716963907295138387993363311580233221139460917580047170461035288034378849142190487661580159776 1180943464003458736332234007926574172937 386
88381546413195830490356121814345177109849335243162749316048866938595612502926212981848292492799412243073940471444121917248865926738905612439870244913151 65284561097805449913256223856457095501972312371321203276972071302094805477403373875574196767878494020092296743211927 49018442579361706374692077739608520245698606000954673842363853165734324038087627296628350488008698220465601857508400 -6403871378069018789183700267734647038743 386
88381546413195830490356121814345177109849335243162749316048866938595612502926212981848292492799412243073940471444121917248865926738905612439870244913151 46311268058949231377403605213861542762304856123963329253460714715848459318194989655270958078717046806545569259850557 62496779904451755533159888348897888819304236937503848181118573679570170513700077886525162837839796140973542294858580 -3758410034467838467137152673244180672507 386
88381546413195830490356121814345177109849335243162749316048866938595612502926212981848292492799412243073940471444121917248865926738905612439870244913151 72027424186589913758554001422352312862557206603478100390702961521925476111915333362797683502323418833194925270609739 77989036529683819135882581604622323393403999281330589138908614518000205963839322674860423441204578616795614163295308 962401165316895969569417060644267422781 386
88381546413195830490356121814345177109849335243162749316048866938595612502926212981848292492799412243073940471444121917248865926738905612439870244913151 56151686219574634839894884525884321759939544144913091636242211573499350290351326893180913768846550476393230791752681 63359403327364331674477232616170451729588328106446244895503816623284811173723410050020613099865147615336172198825328 4363155331859361524684689944980017533033 386
88381546413195830490356121814345177109849335243162749316048866938595612502926212981848292492799412243073940471444121917248865926738905612439870244913151 39041042727587051230081311136381626478670112590875819505225169433334308609642792656739489884786877155976725003988675 68002943593122404390885394403115082879355334514200261259026329083052331558990601544761141567542355753228192295928212 227598896924193056450598788917657405691 386
88381546413195830490356121814345177109849335243162749316048866938595612502926212981848292492799412243073940471444121917248865926738905612439870244913151 69620233780369499421508776209529879185604097473678660392303250241186575453568296136268461342361688813099838262210985 52012054093731881550717823027467076841870838375800040607233898864901021812681359891757056019772651999434113522384712 -6221033313880626233736884700230499392311 386
88381546413195830490356121814345177109849335243162749316048866938595612502926212981848292492799412243073940471444121917248865926738905612439870244913151 75353008375272275052095876768942286983360250590499888750273907879660520045871442519963694930494965816613260380141335 77963085954964525808621502321733551506297459803187820293243288222631342878659261639300509472947315155784349445729128 1164837430312226046912805871784449804041 386
88381546413195830490356121814345177109849335243162749316048866938595612502926212981848292492799412243073940471444121917248865926738905612439870244913151 9978480723191899205068219571090712759051721415466824993241521578533021060333913006635775369752512579245592355616129 37041134574507552104686718072666196674648547017447392675293956531959246410691613917448240361352167156337900053105248 1069391147596623242913190472879401207681 386
88381546413195830490356121814345177109849335243162749316048866938595612502926212981848292492799412243073940471444121917248865926738905612439870244913151 49189342557753898683860248486204864097900700441006986697120703148856524046040314760877781858927018355595310588088065 72490230182792686699827047363912571451492425970150324754117338231650229883487246203135108207470786312063808259237008 940699639030908548034122463699335026561 386
88381546413195830490356121814345177109849335243162749316048866938595612502926212981848292492799412243073940471444121917248865926738905612439870244913151 23683155783332381497441529234300651042597885950114714981847997408035105569129736656016433505519145285622019468715217 25108816983947967591130636328772660984744174504884855581624443972407267867425877847824911171005160105211070693540368 5362262828356826956884877780941991150255 386
88381546413195830490356121814345177109849335243162749316048866938595612502926212981848292492799412243073940471444121917248865926738905612439870244913151 21114174491591572533946848615679524008970420634106525476051269679363409852587959971189353294042453553823199624337667 32732613627897404252402524358396106919867175699227515408528549863323519128054786108862559042981031878647234952555168 -4526079539554767134307721356878184005885 386
88381546413195830490356121814345177109849335243162749316048866938595612502926212981848292492799412243073940471444121917248865926738905612439870244913151 46572889310060209601643776966050456210419688407914087654520679801530969209211195402516214873048695217593284127241975 71682531451846502130635755678566954379999772670374850586096878327264537594860001401978579850530162585098027585328420 -609582379340367872232573667261249031375 386
88381546413195830490356121814345177109849335243162749316048866938595612502926212981848292492799412243073940471444121917248865926738905612439870244913151 38646988702004770806932151603153906800746136010898572245124240860722056837656948996654779020454684595406505982661945 58192048800577162725892026033645654005904198005402546929936697231032197325890072323984835832109661765101423013803208 3701876984889352876844830390718713568679 386
88381546413195830490356121814345177109849335243162749316048866938595612502926212981848292492799412243073940471444121917248865926738905612439870244913151 52370690192900793724197962150942665669603530578790531977420493867616511159644330773833485250207534628409191513113767 45812448526295693716219207274462551540002314056332725410795710253940127533963475340939552699275638480772595087431668 -6213840132938265426438922275508733225665 386
88381546413195830490356121814345177109849335243162749316048866938595612502926212981848292492799412243073940471444121917248865926738905612439870244913151 54913342001174355725757084476079807456122883655346589583251606880812944184399154327956696679967023081038684183592347 22819585020465838820664623934508679293559241607838797803526654520640462356795561656341291296353068302673001639512632 7610158954721141424293280972786678563845 386
88381546413195830490356121814345177109849335243162749316048866938595612502926212981848292492799412243073940471444121917248865926738905612439870244913151 15949201707040055425919240144702324937878407405110355171270083401986603696136252197757336577614476322220093725407947 38525751021704254291051338532178211525123487547511871427176031920709416214604049790501236306451333949106198415338668 -2961429064840216665398372097219463226685 386
88381546413195830490356121814345177109849335243162749316048866938595612502926212981848292492799412243073940471444121917248865926738905612439870244913151 49720853794812551024778965706225807203958717279884643450930359949899252999231955552108108396913088632287280308570289 11399786326073445631555756722200720034900995189099065893110024522232964734557209197387921263809092335023994004550080 -7695697229964616299764967448720319336625 386
88381546413195830490356121814345177109849335243162749316048866938595612502926212981848292492799412243073940471444121917248865926738905612439870244913151 21841308507987681339962496852454818802386233110996361686251446399683224149966423823688422516933312070421251183836825 27482388857755880760963850084676508087032845082873013990114651425648010241498264928871809247361203388984460890256348 -5000568386890705325377987586421602625089 386
88381546413195830490356121814345177109849335243162749316048866938595612502926212981848292492799412243073940471444121917248865926738905612439870244913151 56150649643640444292425839473868144452543971807271157675765618701934338497407692906906054811474014267298739587909875 20975364001341182108813487788576095044923091306803072290470174118109467363892805431645233293948778957869535865963480 -7712325776421564562854927037767330727085 386
88381546413195830490356121814345177109849335243162749316048866938595612502926212981848292492799412243073940471444121917248865926738905612439870244913151 17089264480833148172260320094687066105514113364579138049162975939478521114165659362036445973090516008171175271721581 29605933555570597633261346053129553235622074201647575106314074140072997211554148480799295452243432934803089424983172 4153678708442908421727722880639926051083 386
88381546413195830490356121814345177109849335243162749316048866938595612502926212981848292492799412243073940471444121917248865926738905612439870244913151 43492993904274980592790315934278378644592519672112576753242117368055811379642789647633754546291821570574720045223965 70410281539897551208498453587176359454988626002534571448549190159116730254319701082421787067394393028353010006355728 251640871143997346839925263404267387549 386
88381546413195830490356121814345177109849335243162749316048866938595612502926212981848292492799412243073940471444121917248865926738905612439870244913151 30446402120090818372844763394389954205485102543324912976336525409115372350729164357544790079480264135570101818144967 43982826766340531914945938304277946984133877110821855120334830425253083085847869761394192198388104931472378923002668 -4681639922175840943365275231582850341665 386
88381546413195830490356121814345177109849335243162749316048866938595612502926212981848292492799412243073940471444121917248865926738905612439870244913151 14224553725253809109665343382729444566382397827056602631355154565744570303121298593896797251017447302740513739637875 6326034333879181635780300380881728983421723052664308799043913514086129359104933959526917361639885676314335754826320 4756472931351648237250475999974868081165 386
88381546413195830490356121814345177109849335243162749316048866938595612502926212981848292492799412243073940471444121917248865926738905612439870244913151 73224910540325711761525194116849988684569630601366173331010321650195941179285054602151247116901915298732240017741277 18992817880519598446413855306390270793837074268346190704138199202204081221625465314650432594304532489036920572786700 -8113611875135295943494941017794104097243 386
88381546413195830490356121814345177109849335243162749316048866938595612502926212981848292492799412243073940471444121917248865926738905612439870244913151 4602595566478132593271840596200488094608924003747989819270135965211935144566928866657895141397522827195084550502335 9761059653562906582433061049092943215474564530243600184635417067904362979433713070864098477680427611267365909658324 2624870108342674225028205837954494109417 386
88381546413195830490356121814345177109849335243162749316048866938595612502926212981848292492799412243073940471444121917248865926738905612439870244913151 76014663598869043399540789700861406456344254354277814811643667919646750138424712306803591445710549253077415211580635 18781380074047813297970059761067623284672682242170843191248542656581161356578694325002853121322280007582809688774072 8135429623213008239969889885904260972741 386
88381546413195830490356121814345177109849335243162749316048866938595612502926212981848292492799412243073940471444121917248865926738905612439870244913151 7572701423578249548975752372930004140147096347623320139984133639804195428320517344635227229115931407683089392794629 29209386529725329958675746941633871835760313691953505963942926606817647916376748284890289062630738585056013689310356 1789371369501818971847358159448867053427 386
88381546413195830490356121814345177109849335243162749316048866938595612502926212981848292492799412243073940471444121917248865926738905612439870244913151 9624016202824637838685408677257037934711513848249003760358881263631458208007999982282234054424391758810967771545503 37727335338851521828308944145457749969697754459253580350771380563741564131356583636854957804768794077218271891430048 97991237589569238365845243960119774623 386
88381546413195830490356121814345177109849335243162749316048866938595612502926212981848292492799412243073940471444121917248865926738905612439870244913151 26658200244594405196694318474281758498039817752304471893629000639924033755673523225644648329538164200858554269210925 55936734360939686144377994636150580353462066312537842026628404344407345051819373368914140270199142220353510714833428 2023739121100492753070755589089861821579 386
88381546413195830490356121814345177109849335243162749316048866938595612502926212981848292492799412243073940471444121917248865926738905612439870244913151 44482455192545439748880949991162247232475578909640728903166113879018369017159462672057204224336451638718988428962845 43109474800098977470063086597258883244656343720354645941422843240018266130079711471402533599485996006841760869479036 -5992396114414525024760973950642887197403 386
88381546413195830490356121814345177109849335243162749316048866938595612502926212981848292492799412243073940471444121917248865926738905612439870244913151 16406850525107490806827166165018517760655426190400033008631301181067232698484279337910878211302163896162115344438985 45615256587127211485738261162675205860520596168439411890233586690148244627337634528172004507145037957070511881078056 -1633792552014928407627861822746074515177 386
88381546413195830490356121814345177109849335243162749316048866938595612502926212981848292492799412243073940471444121917248865926738905612439870244913151 57139949559270671210269263408655319439255136695233480226442034408882865407528972089362964676807447351603512809205309 24753856960794243004592234738503757564052288422524705136208881524319212031489479280626810733501996905557531624069124 7617152895778141098601785580636191865787 386
88381546413195830490356121814345177109849335243162749316048866938595612502926212981848292492799412243073940471444121917248865926738905612439870244913151 68594977914213627188060347900250868890495387154754625216551140974857391908813712090835647354871715808369942514203075 62858507505105596390188982765585930428870574624321152260488297103783716781779937760082675696845469933567721563329880 4937512127164533327931951027789028523555 386
88381546413195830490356121814345177109849335243162749316048866938595612502926212981848292492799412243073940471444121917248865926738905612439870244913151 50552317129146020646723756672442062262031610511823433102612691865603243264941907964964712700600306192441571327369425 71931063522639268478349881049032243712584098094928386355526573631410448031475467081431879504637487157911530050343340 1640431750289768229640369338652824367865 386
88381546413195830490356121814345177109849335243162749316048866938595612502926212981848292492799412243073940471444121917248865926738905612439870244913151 45319194083588136332198130469009462243335665639890364904257962008665663208014555022184263198377522371396840306160101 59759824002545907297977807504026004404608877764871453152376482427474516676989923026047842030315644888211970959648488 4143794922768452913107709479886163293563 386
88381546413195830490356121814345177109849335243162749316048866938595612502926212981848292492799412243073940471444121917248865926738905612439870244913151 31360531651721738046700299673087852992711532371509385264017021350601339981444824878382217581968042654643492253001255 62900581057680736463046004279614637934527049185731433364343960056509322223272161595484021530863228909068911883668012 -174958684691076987004605388779961351999 386
88381546413195830490356121814345177109849335243162749316048866938595612502926212981848292492799412243073940471444121917248865926738905612439870244913151 33975099686735421256282952287279831255427044577347078011416750417521385256215255044866840778824433380282268461091953 32177569274816229301441671268850390266386046918962106316997615864471737667056492695706603642846695428262978566044168 -5984241971601825718224226208683527441553 386
88381546413195830490356121814345177109849335243162749316048866938595612502926212981848292492799412243073940471444121917248865926738905612439870244913151 69658485561041000516443382298361791268886436008578542878404366914694504961719607639605884068753268404186998262225755 45657606852730523427967438880384030873020621270053324043684096788358159974688258400037209504085718533235797122612312 -6762501874437768449049078512019565886651 386
88381546413195830490356121814345177109849335243162749316048866938595612502926212981848292492799412243073940471444121917248865926738905612439870244913151 58376767366853908371512601692354232122399559244988508058412070482975836471192978245931898427376934259701157600602749 31087101545381062910047407445901786458038697730682926922020877940845440539514966001372402688384406390551904087115024 7389762907909300036034093138809530451197 386
88381546413195830490356121814345177109849335243162749316048866938595612502926212981848292492799412243073940471444121917248865926738905612439870244913151 31952129788614223804566188750735765615894763098570420261050484896715386632101122552623624846892403916842620976524149 1893730695733599109143322339936876771898784701216387847888105313814138823275602670270887585881414402291829803882052 -6736999215824580714034754625999355601341 386
88381546413195830490356121814345177109849335243162749316048866938595612502926212981848292492799412243073940471444121917248865926738905612439870244913151 37229410911575869440026424976395256467530052317300919810539500301431741341453436288435421921786807607849487430287765 44650309786043184114496337387870039360350624080997115122478847521081964129312066919376058508527564979982383793154672 5305693808820984615058548388733766838251 386
88381546413195830490356121814345177109849335243162749316048866938595612502926212981848292492799412243073940471444121917248865926738905612439870244913151 17719521111128193163634716254230583261917920122607801439489305744722419769965906234037133302280832084006009628837301 39477175728807128306776734296212605950925046565926154885173047387562061308058065747732479301796783527542321879495312 3226905495236305325976666901700029014987 386
88381546413195830490356121814345177109849335243162749316048866938595612502926212981848292492799412243073940471444121917248865926738905612439870244913151 38424955894498036784588609638029323072862015898698114211437904235019536176895695302495334863092215953330355809384147 43791461764400886532205950750612730015152566631457789943835522855979825638289118273141916911400789720297013311060940 -5488024637432869497188516362495619757557 386
88381546413195830490356121814345177109849335243162749316048866938595612502926212981848292492799412243073940471444121917248865926738905612439870244913151 63114523002653494581983412582657371876418559288518513283344723457055687060584993789132427511237100028199333177243795 13115056473993358100616715066986716109817599117155187343238718354193875840050950718068397835933808503639163289594936 8095245311673761247891216101101998659597 386
88381546413195830490356121814345177109849335243162749316048866938595612502926212981848292492799412243073940471444121917248865926738905612439870244913151 35085535588486579766629802867942793472857964017369004979040683150585733586000187889036401678548599658079396045979447 24943140728922260929491080162254243371425443289628083204742781802226942513186771490755822046647428711263254500833732 6449748794818974114556263670999552952975 386
88381546413195830490356121814345177109849335243162749316048866938595612502926212981848292492799412243073940471444121917248865926738905612439870244913151 38139040748328653937372995106752463808287168459705978194549232580135544341655424845921230466383740922398074050618021 22319499790062765100510825914063463942409678867427720144766063525901312870563123208813613803557181823531883578165208 -6776255894272205878059999917081367381317 386
88381546413195830490356121814345177109849335243162749316048866938595612502926212981848292492799412243073940471444121917248865926738905612439870244913151 59798972007984350172138577935975730468161447990511694277304999323591328173154128874071149043443942586242755528975065 71791136327917478192246465912036370955350882030362584363240210222374388371831170191685699801114464262737450789259548 2804042508634870601536984321866120743809 386
88381546413195830490356121814345177109849335243162749316048866938595612502926212981848292492799412243073940471444121917248865926738905612439870244913151 19318380020557863806070946410447372205670948973283570302032655145317495615615281647923196780389430444073531024149589 35997294855479412517075017816008301472867358769041717451727097328627348775106321869480467939687188803259569575803260 3945347678109360479249585579008898966685 386
88381546413195830490356121814345177109849335243162749316048866938595612502926212981848292492799412243073940471444121917248865926738905612439870244913151 73413858508171149341866791788260852034009100190188877181013085255265716230169161189155992345757128200334127259908905 52055577269538313364774071275385417905262580223940325678428046105093252997775469338061422193816491059988274311104728 -6267022303955682732359849754809815076681 386
88381546413195830490356121814345177109849335243162749316048866938595612502926212981848292492799412243073940471444121917248865926738905612439870244913151 27744457275435021356106500925922542266328691921413566305343803853845084793839697657603875422094669602136501891188271 17532997271742940358553366252426285444035064654107279401218692523906837627174356525523375375498608121323130444670132 -6106405942080658204036970343084313549177 386
88381546413195830490356121814345177109849335243162749316048866938595612502926212981848292492799412243073940471444121917248865926738905612439870244913151 39911843771340701924053074639035567715945455296641178724818278372721238200612625009140960212760409756715363431212231 37180278704062535060653328512836850391009441490508320267275160899069034997695598419459027409676318589079895201017488 6124454578323119997291223985505953069127 386
88381546413195830490356121814345177109849335243162749316048866938595612502926212981848292492799412243073940471444121917248865926738905612439870244913151 52993121508779550751055688916778123299982856223422836283851479244217322785153576572683367643893662227824411572342205 16520095515024067423411374437498621155895722742580908970374929153644630253514776880228992675518927978023370818446804 7722606873736647158030609446598442604677 386
88381546413195830490356121814345177109849335243162749316048866938595612502926212981848292492799412243073940471444121917248865926738905612439870244913151 10686728540441440584831133913756236648416208543213847938198097590612677561103072318199249979928017002153505736096915 35776749593590280631509613636632315193538646664648093229091642562797384933063146117307094881782943460610844043875372 1811828831345878870543253181478641464651 386
88381546413195830490356121814345177109849335243162749316048866938595612502926212981848292492799412243073940471444121917248865926738905612439870244913151 77839664689786906095163744713977368480486046424444266303853522640257627343662018646759000860331872668547456420067729 77857453348545667229340187622300849942201432032377745719998636572851716977111408540816676974143081983950840636463032 -1291243256449584610332370098234208571471 386
88381546413195830490356121814345177109849335243162749316048866938595612502926212981848292492799412243073940471444121917248865926738905612439870244913151 37311969419463336359504494618858239206828410548941022890389225031458364085810541957803732162112047770122784862948663 33829589397444009091411917577994848453713939054379749671453616915041976563701807427884613817874733702673339895569752 -6151131888287626821284267362714188218647 386
88381546413195830490356121814345177109849335243162749316048866938595612502926212981848292492799412243073940471444121917248865926738905612439870244913151 34323993112533313768658764803996983667933554890734507090666249170581079972933033116764599742585673450120233474941017 46440801929468106114291561844424423021201315077692752002375778078168363489539663943499693739129586349310978095869768 4845211971652239017877221452328669872775 386
88381546413195830490356121814345177109849335243162749316048866938595612502926212981848292492799412243073940471444121917248865926738905612439870244913151 77258843360308956280319809093030392600618106025635961305370854152154813337813614369706623799008502188010949753910139 78607301283021268714982399696695603574993569576156620610236309724260531627657850371804435647897621327440594027540340 568627123248989294095823694324032853645 386
88381546413195830490356121814345177109849335243162749316048866938595612502926212981848292492799412243073940471444121917248865926738905612439870244913151 30606780856775038388581411524211643380610523465375588824308252442682481163499630569081949087373988621555219858249391 40626113600043620380397147398095013771165598823781785295540443780803080869559442149027882032666806088321267578988872 5030545980439593557215116775099853270897 386
88381546413195830490356121814345177109849335243162749316048866938595612502926212981848292492799412243073940471444121917248865926738905612439870244913151 57996882531454531173754878858582420775966245901217602971185082814374547011252547652612431358849943180811820331447115 46418229634143083122895123280614007378950606131564131893359891198339369071471980420470484339829963578988365855066168 -6402099511294194284808232463263062058069 386
88381546413195830490356121814345177109849335243162749316048866938595612502926212981848292492799412243073940471444121917248865926738905612439870244913151 67616668207067665190239592830449911336877823842820566001003449100137887221998938866568309405654024461772390090363739 5591389525897784417444090893979588343310963106109125603601352223107886473361319775489867664122452517883340107975668 -8276141930278476542754209203106742484051 386
88381546413195830490356121814345177109849335243162749316048866938595612502926212981848292492799412243073940471444121917248865926738905612439870244913151 58302073210370582347038114850579860571314625407695660752232466056611460242835637292931285273307709754482094420476251 30094018768483202160399110192975193951039957006546265268940545062815949372634800822691908159087014002265072572431448 -7433804913424306119446936115488100246203 386
88381546413195830490356121814345177109849335243162749316048866938595612502926212981848292492799412243073940471444121917248865926738905612439870244913151 50614128028061611016210706764520150829154195848903730367812349133542872097167275023364961512164048275559930987766795 6067525443170004925864836817824440562728135351717079041815033683291388913713256988336062721104770222258569445077988 -7801054969586787843545449908522262251331 386
88381546413195830490356121814345177109849335243162749316048866938595612502926212981848292492799412243073940471444121917248865926738905612439870244913151 54807950633604259290005405032839222484967730977403311473784707032952607697963534202091240771166672310595100210270747 74744686305228334383814747143076931756855396607123893770475581972346974662918912734982823338148557302556338224617440 -733052678775433004566317955398663649307 386
88381546413195830490356121814345177109849335243162749316048866938595612502926212981848292492799412243073940471444121917248865926738905612439870244913151 38895211222600818917290795553912162897494699369577275332986805320406678360720333598710479411562712306317173682691215 30230621341667564561005744205425790565197545246030306780141433955165449289254012734580174683629199193356137022199424 6473267999778220107093607028476447671153 386
88381546413195830490356121814345177109849335243162749316048866938595612502926212981848292492799412243073940471444121917248865926738905612439870244913151 25671411464758251648945250744967069964860110067424176812670784988012045619554217129924679427065743680765700735100375 41577804673539341854257935641816067462174021894212941812274638069019579393659240345776031174447173960530095763210480 -4331604740758321130340970202770646038185 386
88381546413195830490356121814345177109849335243162749316048866938595612502926212981848292492799412243073940471444121917248865926738905612439870244913151 63178239026886196216632629275133832383744516229414260729247540315712133825621911240914305251097228853495179768574057 16225863666344516386668972124592737267276409635945637401613469210942560053099766010114250373283078860929999871597740 -8032611417098596151688345738395289475793 386
88381546413195830490356121814345177109849335243162749316048866938595612502926212981848292492799412243073940471444121917248865926738905612439870244913151 38364611723961327093777972984392528612453617072709752210015329310022516844332822156770590174163120806658872052054515 46071749600662403398875428892409499012002280454210320537499388473720528254137333313105592314937584837784675325623236 -5267325560848856644638696220403217642133 386
88381546413195830490356121814345177109849335243162749316048866938595612502926212981848292492799412243073940471444121917248865926738905612439870244913151 51763230573494794200791482319133080445719668318295460897160137567428571786439340685907914557544047096875197553164245 8189349223976050375165664360513040769295127914207982701267963064574457522526938122280883132815812545549069655828652 -7825105352659405382512533123399376803549 386
88381546413195830490356121814345177109849335243162749316048866938595612502926212981848292492799412243073940471444121917248865926738905612439870244913151 58829770555396764531171691211124586599307528132722765017055078786367025370314354609219754329249083185937260524496875 23111197687845257281150195770801466773853620510171318701222822121415298453324347342261052695999708621227552959917564 -7727014064266196100898565270715414442077 386
88381546413195830490356121814345177109849335243162749316048866938595612502926212981848292492799412243073940471444121917248865926738905612439870244913151 41303032850110574882354906429985560730701919504574542699478485445060988790470313330415300296259735242056686551078423 20174911272898883380685232011493395291002224286161643168226211721053567725440640892860950835564445448882024863845192 7053159387478913546530098800623608204023 386
88381546413195830490356121814345177109849335243162749316048866938595612502926212981848292492799412243073940471444121917248865926738905612439870244913151 14147390071419564978532863769934484329470865404391771763098540842458650200045124378342998025061384561524126998609281 39126238522846000385411965110959440759770865162752601676716170498975029811046257594286623161463495674503091808618292 -2375485543546041916188884370704783785897 386
88381546413195830490356121814345177109849335243162749316048866938595612502926212981848292492799412243073940471444121917248865926738905612439870244913151 24470460606523613593796746781197463685808549772473818049283534532506070083097414085628778625969778754728318233667355 54214870375926782865342978786435637844123832814999068309765841930314410382699195582834506612240997822628567595856968 -1898891941076387131746670436788281692539 386
88381546413195830490356121814345177109849335243162749316048866938595612502926212981848292492799412243073940471444121917248865926738905612439870244913151 63034281073494886558209066134449097987811168395794237725149176802175969455033530544306388918412853388639466806192353 26675506922316779104035075082974375708264042210526198470365128104026358149467297389433219983668051201751358551504392 7707096545126664387704193124480851950337 386
88381546413195830490356121814345177109849335243162749316048866938595612502926212981848292492799412243073940471444121917248865926738905612439870244913151 34159446287774860623079085533731556655844034063640035636184477381949165182186418466769233431450465353739000016184037 24428261632013268669536724989123555292928647517908131060910109224369745708754105277485310963991765259252378976719368 -6400076884800503968911236552107608365435 386
88381546413195830490356121814345177109849335243162749316048866938595612502926212981848292492799412243073940471444121917248865926738905612439870244913151 1010997012739902843250589672389788668770883567959788778713030674073925229796841089626406978155098502050002575778789 296871635329525979440530110996125904815239355873698398402868889565570215612274397395210861282194071651003974376600 -1338027319345216131463917603642409443195 386
88381546413195830490356121814345177109849335243162749316048866938595612502926212981848292492799412243073940471444121917248865926738905612439870244913151 37587433395959972024260317595549698762124244110986047924431972788945597529905717175724772925912529982731978923915379 67066509237573072878175613429981086562387425769692949806971383918998526390349740944139407173710225516223034052548412 388641195854568205549154944076404128789 386
88381546413195830490356121814345177109849335243162749316048866938595612502926212981848292492799412243073940471444121917248865926738905612439870244913151 46701688947238195586290078052394004524265311930492247155219774707196193708054520278979511905463647765878063247330957 38371231057147454740108645079370549025010401045351181078867120546180964602126148273312390036939389280011835304824760 6476494098143886259719963358142753386707 386
88381546413195830490356121814345177109849335243162749316048866938595612502926212981848292492799412243073940471444121917248865926738905612439870244913151 18520119644406820013162157977462247931983274708318654841696155859608184628737907696765584871422023270684114007471529 50350378169459988515216009154029846980054589131279293896860652929903420541009366834821837262399170691834031536886452 679137843547432269478735213204097285231 386
88381546413195830490356121814345177109849335243162749316048866938595612502926212981848292492799412243073940471444121917248865926738905612439870244913151 181395845689535365094203900617480595339239481496649362692894062197864104462944894024415331989169041516032294731228224735369064776581722313612590386437 173875736285939397309630003976775227141823269825260443556577220773091692679718506319735638102259215025788928432947695253462751917274038475334578040356 -11199306210175013427044752812591727077640748847273282110710644228518580147 497
88381546413195830490356121814345177109849335243162749316048866938595612502926212981848292492799412243073940471444121917248865926738905612439870244913151 118842530951531223332551393711994414158658339610936454615369220291112909924856785960268633313017176817778747771660087340464360436033963005376360513139 128536607879698745575872890786197618199918581557777201650863386797109851506363170426869640517287757025551827954134936621031785705547368057302637563436 -14263915530238279554966612406003395428345332203036708985764086466919420971 497
88381546413195830490356121814345177109849335243162749316048866938595612502926212981848292492799412243073940471444121917248865926738905612439870244913151 66009586865584776016094499429484483525051300105880966729540063279551828475247182589588560186688112085412407949744842934868303999046785038810556430691 64851705388114393805579248642040914629073126428995314598623273636372685998359092834034829129897138215944306283171287104102849359373330090925057316364 14446906018045092252568062607504803077589276969255123137155867672679940325 497
88381546413195830490356121814345177109849335243162749316048866938595612502926212981848292492799412243073940471444121917248865926738905612439870244913151 162536866350679856070657691582934318636361492918251337601533379547825203945764907525227764173303839779686915705825988449793659574894577905529246198647 101061919721193357451203562089366004621518578693772548784185513359908837732252570075374956671114177612555289206914815224129803292404815564081048494316 18385122254263186843405917651692121489320313903091803779480083928259843313 497
88381546413195830490356121814345177109849335243162749316048866938595612502926212981848292492799412243073940471444121917248865926738905612439870244913151 127968574628104244052989899536286191070115600853912781064689715861611107660941774860338402309368697923035702067238257293326815728825235633697717717815 175757206598772936438330801225858658435444505310594821700565868041648018965715221132255838383956420381565957273900670883885569304335836464209859655516 -7592493984633187128408061562824321706871645088379641578272201066950056207 497
88381546413195830490356121814345177109849335243162749316048866938595612502926212981848292492799412243073940471444121917248865926738905612439870244913151 39145661171984642113661794709536563848571919355916798866752997160901288977615483588294851882111638678223329737829138968188847934547216115459583315547 17115399590820255807825721310916906493350908057785777857135596446854276464284071549323981799188427298947610376908988775778620765662754704275729329000 -12671905490267928856667993093301106342281993842792893883818854370056620475 497
88381546413195830490356121814345177109849335243162749316048866938595612502926212981848292492799412243073940471444121917248865926738905612439870244913151 77663958634683466514228572383558629525793308649278628732338476694631669388556095400162963440063169896922742194388326288517241820701370845370238507711 156448331476801648971919876130335985344669210797912899834424408636200389623862455942176203613164456070926423455966560658121659591447181065379509609136 -3791144469035233015415183387734857225142308132620960697936157480056274495 497
88381546413195830490356121814345177109849335243162749316048866938595612502926212981848292492799412243073940471444121917248865926738905612439870244913151 27456003114951039019936284991909484781464906038717231704061234190031594323416131426681850462638489304613195106665379915711737528358885974742077083211 56078554776402660309506502406742977661000464644637291126240864156767806479907621037763570143870933934274393245329882998668362071822253439658131598180 9110416859996367948576194996678892481152749839736812443823803456008167811 497
88381546413195830490356121814345177109849335243162749316048866938595612502926212981848292492799412243073940471444121917248865926738905612439870244913151 82467897782027798626499371219263943630429410282166798756581502431045114074139608856776637003991568691749816622596739137734904272757504877170805958065 126726036466961451062861778600965153817946190946604803424538003574799528907072126630427191169774158408248159631992023437215425215259960529784537973716 -11096825572086968869632808273860445478237239415726817618928503282216527143 497
88381546413195830490356121814345177109849335243162749316048866938595612502926212981848292492799412243073940471444121917248865926738905612439870244913151 92047373301005233677266593123403411123634178943678490640893250573750596121250611540610146467682579720690815307939521807052546315633564255619381244525 168088650555042131915800797139847260369903972433908709882043356665573271083429141080600108992108603497235724923626460983684995949156573771766194797236 3255795633666168505850913703051233072985032251643457990881723080549714123 497
88381546413195830490356121814345177109849335243162749316048866938595612502926212981848292492799412243073940471444121917248865926738905612439870244913151 163794947443917529795837043320293651418394737069636520353211760354792895860795397370219789209607610320461662657840351778375424546428376990487684338347 164032024723908768037407516407710946116576309527146217214711501109175194387270176384895571788184834209357786928385733172183159643723665033939941401832 -12260414024529803477849557356671160982432066796984206021401485255270668299 497
88381546413195830490356121814345177109849335243162749316048866938595612502926212981848292492799412243073940471444121917248865926738905612439870244913151 150520526053272353146310472519589724322500737465724096108383269855761415159689002323542555714712846234942920806270165002251224580126056761034807713767 151560662525763461151498095633729377107751785661012446327901817989977583798612995692509092697049271262269034741698841858787580642256397098965758214152 -13438871628122949461753911703579826887191826538878192830853983551431560391 497
88381546413195830490356121814345177109849335243162749316048866938595612502926212981848292492799412243073940471444121917248865926738905612439870244913151 108064532157973242256167498241229751027828678208090965227419293396826068417752499614663704385028250804181990268675207835427494291070562694426307055603 179282014979098311795859966523388790917855708228891953189138952389586633523727687478613950931492344073533874811837083547201215413388256107051911010304 -2119925410229093961625850785563045154355373030166036446305264768552259571 497
88381546413195830490356121814345177109849335243162749316048866938595612502926212981848292492799412243073940471444121917248865926738905612439870244913151 108272992870240589447485671667806493128267641845760383744474804757964536219242661238182100330774676770612304861692047219558705195121533563571521797135 178932676018289449807596866857065128115288692279962491990132659618207565747764740372364351824330177455225885251717850977246466662525477279216689397296 2522856298685562093077907010774310511569371172831195128009403906840924273 497
88381546413195830490356121814345177109849335243162749316048866938595612502926212981848292492799412243073940471444121917248865926738905612439870244913151 42431839551874946661276343603315835513374403417924880776978676421463507356465353835736269568835094558868007096512429849213618339666192284440723805611 90286497779074489439356128675123055720128833641311352993006347280557001595367843671900538554918876767593572092232204138726980444931043155583919715036 -9156404051703259722029702764485152020043097758419406353503192452112947485 497
88381546413195830490356121814345177109849335243162749316048866938595612502926212981848292492799412243073940471444121917248865926738905612439870244913151 66608200473021881761993914337903294551071340760293996106479403189737128526813205177481653253437554951748151435884846974120662168168308348565078310495 150019495805925075677890522597173771153415189052506320238963397428784001967626345686747763037912320682260944031066517888125515160144948011399958256152 -1878359271597473289949217358969663192313064721120407934022151864031116481 497
88381546413195830490356121814345177109849335243162749316048866938595612502926212981848292492799412243073940471444121917248865926738905612439870244913151 95326889833850869749913410624151796641087356459121939669488634117629452141991784201242490343808592861570202464898559413481822947325353859986054889211 133293842967389754269672127045457317628989568943568045863406315399763123577619487253588769047272294957254249834352783465800894643993024181074271661464 -11725239028411032907683065323524477459780389859218727820968230488352321115 497
88381546413195830490356121814345177109849335243162749316048866938595612502926212981848292492799412243073940471444121917248865926738905612439870244913151 106028509496018716615117345053911792386525699445823384774834150366252814030747150232948557395056768440536364587678255441042159397439152461711225224475 64981070068546559421084495277423633358909041598410319072062973735842734665647153943919733878339965451177115337210729788049865093734177780985946840104 17773504621821918804154660834059269822554128730781781989871644375969825403 497
88381546413195830490356121814345177109849335243162749316048866938595612502926212981848292492799412243073940471444121917248865926738905612439870244913151 78366857132364120918980598821282321273147460713509604208924451694402482080873508514739346554351015527073112671745069834636597447637193296431529789147 160366426393964989430760951570513821430636131345234899667467180345749250956554473820634101475992592118800686526578896917427684600441485728293016600468 1530071695234124040394855149962853176948000954094597261487207224873628499 497
88381546413195830490356121814345177109849335243162749316048866938595612502926212981848292492799412243073940471444121917248865926738905612439870244913151 189751599192704399353017704895146118681594062808617460594861461011729914739246438187897517142311920647850660908626588896985574232851377508237465849281 9445233022534344001088591745621004863071415056137884007042688041868287042165977232539224840316674247115009210001553390858145542571562641455344044864 21681356727182187531852651183215019587236549005661011604163656073795021375 497
88381546413195830490356121814345177109849335243162749316048866938595612502926212981848292492799412243073940471444121917248865926738905612439870244913151 121854765851732993057584072717758028339455192325541864739841546262109532881682896153248791546079365056573211277162566180765175835042247674962860421 2453376356386537290222383859597168022813685288443421700969284803969118480435563114708706123941465732667832732502611369406796366287439768466176847100 704181332323137309348555409760271261584658603608272097254618799543279539 497
88381546413195830490356121814345177109849335243162749316048866938595612502926212981848292492799412243073940471444121917248865926738905612439870244913151 68144850588626791460601951080373497394983184487274299412984560826864733728883059275771075976628385839751267706810300810758626106884225894212559926861 98949720308514484426481289913460714899205921537257022149474791919939960141584613847740787179220319314524791884850600730171970726947869208470579263164 -12335400149892912016306071253607640503411148614364686022303691143485413675 497
88381546413195830490356121814345177109849335243162749316048866938595612502926212981848292492799412243073940471444121917248865926738905612439870244913151 54549165434291268280910685698754093033933512766797364023562479398777782353249383384098242149870112686874783979303673528368390049144783217747940319947 138461640163927447559968194798960775996116862376991904438323035943727604506443253390107503114376564993552183911963646221836935600435043753454535873524 1398486453797157840472359005644880924688756086165025306709314119116003907 497
88381546413195830490356121814345177109849335243162749316048866938595612502926212981848292492799412243073940471444121917248865926738905612439870244913151 92763500467638861549588528657552201917454557076933405248879598853585292536675753230336474089078685061810302245666280790729298787773085574792962214877 165029758439763331191430262333560224086158817539652476331090481845285446286228194375110111193747334256825956209102104308095506339509149304201360531228 4893608034253352178611941112579864931685186579040431240109269596054417509 497
88381546413195830490356121814345177109849335243162749316048866938595612502926212981848292492799412243073940471444121917248865926738905612439870244913151 136250480275286761503022428266329808533535027929687163028011895924660874682087356537879493909790278080812275246982907066802096345435271943863880706085 192759179592539813716328186619895706444285348496965338042448335550337082448157106804273516888303633532745777427369540476462041163314681030216729610856 -581014130234747078122570281698813382585372399780167876794833804766341947 497
88381546413195830490356121814345177109849335243162749316048866938595612502926212981848292492799412243073940471444121917248865926738905612439870244913151 73908221236850640432195356924290791549890384609542976436418209048889374395605792407325707036083978067231531370430785957190832959589125827078710927897 94298145577991983294038780319381935843005071549130934972112125393952791017698725592441464271312656707442504043082807305103387451206448072494967934880 13407155724051356045300800784625665725821217034399934979430100790865003545 497
88381546413195830490356121814345177109849335243162749316048866938595612502926212981848292492799412243073940471444121917248865926738905612439870244913151 85269350008666260818645708842441493548219112037409499291528933460004233823737810065677471744108457609885126282145056465419977459377079289210614075775 146735310672713855558289339386615948631372635882265436951346598607413898340182143737918290760244459567254801941077214047172775969427978333392226056696 -8299501053606543602993668625527663759780203463197458843869778448223784097 497
88381546413195830490356121814345177109849335243162749316048866938595612502926212981848292492799412243073940471444121917248865926738905612439870244913151 79561520216738058104402636841772165037927807241981241332295373166782520881907399393820529380587106916592772792270398635768457789682233220664585608491 161801380068583147702696228538104352654282099443940000912520718284754224005239137766479566653024743277505400036508017379043088496555787671430512838580 -711722186110290358406866551831525925551392122398122786368274568204328611 497
88381546413195830490356121814345177109849335243162749316048866938595612502926212981848292492799412243073940471444121917248865926738905612439870244913151 87768859077666511431613401777717699264065020776474541613012638407110164284776620264921478621705735384605335576623964766734871696417192061955629431715 112400905156613658048258787163594490201657236072771704708231379497140211899659280929560992396977490696227500790113409390273287407526749783119220889636 13275123804515241588121290145054692314009960559422451182896060264335879653 497
88381546413195830490356121814345177109849335243162749316048866938595612502926212981848292492799412243073940471444121917248865926738905612439870244913151 104604786456940163973183185597109163025566222747968920628170967559644033555807173353728762643537450265042620096920885731371632583593622326591034263953 151104972920762701242292373687968945982958744096680236038945951242068238521708125159077284170142634297302877958681593419340157526653337832174293790464 10106083927094832222876186179701924548881352934428396741890456651263969681 497
88381546413195830490356121814345177109849335243162749316048866938595612502926212981848292492799412243073940471444121917248865926738905612439870244913151 129939936744850119815921148639126987191293545440160560068643519135894173066221766963540097893142461295474653432640279420952687644421254022807822771747 44486880910196329966238973219070221459677845713295544897586065336658403000345970258978292620379058436723412005491583790084682725510739501190023502044 -19701308595167947960074516725790082934748130066234148134262994266751945883 497
88381546413195830490356121814345177109849335243162749316048866938595612502926212981848292492799412243073940471444121917248865926738905612439870244913151 186668534895066678468572676500139579285235109514956773331306911710240228359122451537286176131441434225839700109222452485000684969804128792887368313997 177214734308181344393613323519855127672640626450414693391200767237723361265036327229620048845247218091355935520354188620240125366913842085596025673900 10705746363506237015759284733426707344211773992829938114474868774125103915 497
88381546413195830490356121814345177109849335243162749316048866938595612502926212981848292492799412243073940471444121917248865926738905612439870244913151 65358670079511059718408999633698098556780805866150474426645310870910142121855628744492939866117443427065986652802386567416919399619651535711795683585 74477766695577738391196794916833891026754143416434526688451056182688833525453292052593746754012356303422003516762554822628999714068079187070633003764 13838065298480416467632132784902413495139574833841708119244182670480373207 497
88381546413195830490356121814345177109849335243162749316048866938595612502926212981848292492799412243073940471444121917248865926738905612439870244913151 82344023666887110490896687232563907432462557871651313624385525065713228986843142700961798549324452124274886427040907722517152340224151264170635912143 161940358311324516183522298676268429917412578099744102626452717704631659907088816069992714686289551831813705934799414287022147997961229940842989961616 2789656347885062121104380338013683723705338952339950234459226257103494321 497
88381546413195830490356121814345177109849335243162749316048866938595612502926212981848292492799412243073940471444121917248865926738905612439870244913151 80901583194720936042839537251608266746782678100244040693321298876204399000669400984414566276435659554126073111734065125398152304360251097713299988531 104733278633521203962082765039631590684077161676461979859020418621208143649096336799833760418144872774630511533242397557173554045929156387349818592000 13280790800994069909122976368675571490387141293021299899680148049637285939 497
88381546413195830490356121814345177109849335243162749316048866938595612502926212981848292492799412243073940471444121917248865926738905612439870244913151 31441801053004267119419468404489648989115512168145783021348329815286666496800588671737073433775056385536819871452864296500095007220275961513648078997 107697116054560935718838622776281216108423373219621584175793652934385798087379248140059984442956907164797527049206898473194652786933888177978545039196 1773243819879854897513626151776588519302058938094863980599959058676368547 497
88381546413195830490356121814345177109849335243162749316048866938595612502926212981848292492799412243073940471444121917248865926738905612439870244913151 93344479373326704101827256440076928169761425993579923979792030408742060244883820377381575483186840639488269975043068515433262325030043079445700768847 171366568445338882330527887703307016307970457271894128416718347759442411011499853640399945451786973089375231869552968972723069611729956217903390709096 -1137836724024484649973583188381628177587705615281513791472760772963622703 497
88381546413195830490356121814345177109849335243162749316048866938595612502926212981848292492799412243073940471444121917248865926738905612439870244913151 109151489142093975566244915214456369729490983295393986190032317156207128223236216633500587159587980369552021657882325084505916764713759255101648398155 167916038141925619103924004117660447526405498206464223349539206825667170008515513075884812176324257396636086587013258304554713023252680798887952934368 -7176696378747667581661803419565990059709260772244428692571713012073599669 497
88381546413195830490356121814345177109849335243162749316048866938595612502926212981848292492799412243073940471444121917248865926738905612439870244913151 32433645199543737202712590962096344315364721164970373479266924566382827838214928640531883903777763136368360705941910918302911548783055996017721742267 102411831573041518734504508161784265759945200057474910782070396104782030957135344145397126427531042741543745524042184915552290726249562322969578757748 4425394001734496453331263878385995937307508265315425062769830694523995059 497
88381546413195830490356121814345177109849335243162749316048866938595612502926212981848292492799412243073940471444121917248865926738905612439870244913151 34539360410603655781459934775601808943640467158367317899755570984394063233002161712363637554827282716328760714646984900853149744991774523284184647949 113752458344390331949472525915994996164323706212101145189340597623516610330627603939081987582595917765451986836639932254451982784218340076605612764576 12151061829857216609569188399178245372278982723359104526997481092422899 497
88381546413195830490356121814345177109849335243162749316048866938595612502926212981848292492799412243073940471444121917248865926738905612439870244913151 28090212338406978015333046184601526989481803183659200591164373840409924447372886193456219374157626775761028256761370113283889591525774344147802642697 2950928753051672688003299651281812549118946837524005844249094713112988924369632081878025984607310603998300113712008675883066417640105877117809820360 11000948598908140014551625996531552915917463221841137914979665066145127465 497
88381546413195830490356121814345177109849335243162749316048866938595612502926212981848292492799412243073940471444121917248865926738905612439870244913151 64181613621332360538764358196646434008565551090300384104722250565426483895282816752147483626705907519483927269455347476937310041245735193215539618797 106202139608628760138800090693562301067248810913782589059911383617167087192693509581328626859169745185358921434312725710899707527472097685177743786260 11086624472084705282212405739420467859282270236494700636794611767945188405 497
88381546413195830490356121814345177109849335243162749316048866938595612502926212981848292492799412243073940471444121917248865926738905612439870244913151 107623762610860097727386985891840944038837070086725744597929889118977047416616632734138234980741945797350456900647451699016156934134155735501427545451 94286939741247981069282645536292880765661802542568581471619078657187884141788244749612127049549585298309043374963293305331140899545255084647498305300 16328377101079380553325122916612895810575022439971773531656272519236002461 497
88381546413195830490356121814345177109849335243162749316048866938595612502926212981848292492799412243073940471444121917248865926738905612439870244913151 197980442123791532031792201243410097690929415144224167120343884015658073030640340368754737023652885568832679763972376101459222026668858601110885770767 64242904642958372360796318828526966585886855083907740168644172692648120725188905245664731138586511392115427076382952665779681302142212921517111075284 -20649213372057354765314447419514605435468936204305387829444964266247803623 497
88381546413195830490356121814345177109849335243162749316048866938595612502926212981848292492799412243073940471444121917248865926738905612439870244913151 62736777725596424167285585771321465185716594657155126419175984125154790173316750099106014728232484209755272920926798420143189267410862631564162157937 79406246633280016460181982726834598553033388182028584049478163707385479217568154068407192615979637915444389721412076374022404377528967995577835228088 13212590653910270483251879950148266514430224035535098083368312351709911151 497
88381546413195830490356121814345177109849335243162749316048866938595612502926212981848292492799412243073940471444121917248865926738905612439870244913151 34143860758071921797431732259180961233196363719994898934626079290036668629244656278546582005486594393728478336584402762567169171067854511024755406857 55439689039070616792652617300116788250849433152728890584760982086752960418748399725190838770947626999108321950219581347293762284089944180619401155284 10493180104764245535090363027675761102424726136379910533764530511957438607 497
88381546413195830490356121814345177109849335243162749316048866938595612502926212981848292492799412243073940471444121917248865926738905612439870244913151 192213842361038363788392557972300691575150759701950887002500963464449539621084476197343089857337957943711929656139020941083969232212932027923938834287 146042206979818361264694531011735448321672314598178886600547062493631191702433466448298350739903792646048580063505270655877036164624689634692884364864 -15183135415680239181410918530048921601588285844262555420686341246319423343 497
88381546413195830490356121814345177109849335243162749316048866938595612502926212981848292492799412243073940471444121917248865926738905612439870244913151 113317883153985351277828728762415221894784261099336085176540726363014510735050731593019744979501310605977513365187206126971059582424256298183705742861 173885558818468808729227472667964736452553937641561324176076587285656496044685563613416084800177248620948513452286801934183607253851469863676522450664 -6100838568503792342179024999696639634119404045387646277299532989822613075 497
88381546413195830490356121814345177109849335243162749316048866938595612502926212981848292492799412243073940471444121917248865926738905612439870244913151 162386396593945464800737691785843480867868878964459878418526715860163027276697600569339747431198281829807891253257499766959282237373046837296853689285 167450242120996633063988843655485205115440750205888497286309285644407622968554703879036988231966684158401470164657356460290981468163964084392891986016 11669395091182515226911829444260350369002287213715131415885786531397431867 497
88381546413195830490356121814345177109849335243162749316048866938595612502926212981848292492799412243073940471444121917248865926738905612439870244913151 131167551409366780215879565606178934956730908734804279344889987235904222536405112225590284614008069330052676485830741437045395912552801226702351592045 189453009597845881164635513717145244241027055719167255256267964064797175100001214714394037568088528921537497423293264927240599384417496271698417769676 -2546133387215253214599564896945533186727948703938766371432759689689915083 497
88381546413195830490356121814345177109849335243162749316048866938595612502926212981848292492799412243073940471444121917248865926738905612439870244913151 42705531503084186886578890613993453029877043939741562439386874633329391561878146346103195040146495672341951603805588580045373881925775882859496928247 19390640444003209522072257117547047365466315655919819476111589572103697452423810000266874547403858572630276972982851366079208694830892602472672864704 -13146156955100275594158018475460870529315687489404561856780375597831967753 497
88381546413195830490356121814345177109849335243162749316048866938595612502926212981848292492799412243073940471444121917248865926738905612439870244913151 171162142185155877870741517240620417661900961070812083885995748812385391238254684303431387991868805971146718624773083749781852526052441486160244813611 117679437028191517297042885356506504279470129656884758820140038745487738367318552114331603357283104894246139828988811116105984391193654273185685622364 -17442781143855186946586716123109839717764203930378633986901993233526340195 497
88381546413195830490356121814345177109849335243162749316048866938595612502926212981848292492799412243073940471444121917248865926738905612439870244913151 151286046303265186289665644192447556962408228486633890362942282554767816378459624485007049996608693182395259688698350758754966275630312059074234685517 177388526776068592376049335001173581791578333944639334080585630686414220287055315973917785117240651039124362781421982656475730308142819123214827412032 -9241425740928273840115641813972194205922643717558939430406913619842875469 497
88381546413195830490356121814345177109849335243162749316048866938595612502926212981848292492799412243073940471444121917248865926738905612439870244913151 23257106469152723021151774533512238065765082091453477053496614474419088395408988143919814789673641669940874150233047602103208052221291961723763114575 94180498957735021781629076866321138127311586907702911154248810857965737092089265510857826029158614192644964366338523017827107578923177697631925546120 -1091730767707685822408805152095084346319554987917073488320117577636956625 497
88381546413195830490356121814345177109849335243162749316048866938595612502926212981848292492799412243073940471444121917248865926738905612439870244913151 143257122364076190050416108799781165600333099375220759678731615505354862194240883525993930348585146862892236128685274624927759580978344250484171960025 185788754967292913342285074309059501359154520880112807399809324840941331056050243114263720382696742486400455052040898725249728898284722611694287360224 -6361780620546725175182471608872977892491191125248997433095638702247485657 497
88381546413195830490356121814345177109849335243162749316048866938595612502926212981848292492799412243073940471444121917248865926738905612439870244913151 95522689392012458360824717793248262533658573485533504229552001657892060491807162884730166906588176253517317916961241055849745933906654783709237739979 148737725486138972966656120463201845067607472922620283189270908342404284335422848918005444290450404817349394632845537129993919497926037790682813791236 9417134201255791764074531359521663386488417257107548698746201456780562051 497
88381546413195830490356121814345177109849335243162749316048866938595612502926212981848292492799412243073940471444121917248865926738905612439870244913151 55427303310508588279349015189799184762482774373642694002194597045422543570657754901752654848521120804757936004817811486162323543388307001682123679975 139736293921516037470484277845837239173103644849081207680779521282451940827644084591336404320359203077946762294055629855045908081920179203798283477640 -957235352182563754827254119327612641451978389193112132782739301841264185 497
88381546413195830490356121814345177109849335243162749316048866938595612502926212981848292492799412243073940471444121917248865926738905612439870244913151 190534699268976829964997141061136687218158137922599869494470070594294109521242597643256010061772159411304274610849383402598227842939476627162570256505 194151017129505504811100574381071176785911086302908859829088580226179939452722796552601533984469095695752265988557524882693477638816911674749355796164 6696854135016653518582221916817909435458479513783702705974830396629360033 497
88381546413195830490356121814345177109849335243162749316048866938595612502926212981848292492799412243073940471444121917248865926738905612439870244913151 131229366800354574668789511185589636503368173954474249894318501645407658724994116650312757075042564392467239456056053645962428784508323438251041294597 72065479893403588226961839146666325516524763536824734634017230091071356353044213925317144537226494178969864769135223033558609986861183759541618428280 -18813075897024315429394418777776312225310372956351176792924643994861788325 497
88381546413195830490356121814345177109849335243162749316048866938595612502926212981848292492799412243073940471444121917248865926738905612439870244913151 98779814356898499816608728715374898683031117767347773258998411987739756069303953310212671548627761926916892613061227953459066345160329792859908820167 129236424144152247563346146300764530701975253825840294798089679593234932939191375962001778909987098365637078683229067700846024382651973542707357117068 -12567250768746014467837559337697498127005412902809580241624242429434548831 497
88381546413195830490356121814345177109849335243162749316048866938595612502926212981848292492799412243073940471444121917248865926738905612439870244913151 45933120715016606931768982279842611183121969649874030722134323625063827705049878330965625448551794158219436599825931960144927754461929813746651650881 48263235310671073097073075434683425179240929301593297044279009304085520028086940209926521898881170790502945066618167596695348892662269832025064913020 12744636268176072739954520105195123761188263688686118638129487796359025111 497
88381546413195830490356121814345177109849335243162749316048866938595612502926212981848292492799412243073940471444121917248865926738905612439870244913151 34332738167618022921670965959012485840607478240516210423808192085310873773698458962347251448693834960522147742394575480774099949366273004627014171243 111200783829211690298563146520367080856916784809575307814807336304066542004707274899343839197251450078887992534771005566752555714835567274183896319696 2387305628152175577668696992568175010751234088035246997190402620845332459 497
88381546413195830490356121814345177109849335243162749316048866938595612502926212981848292492799412243073940471444121917248865926738905612439870244913151 47031710845105456638335653892074847609320844405659928530397906839120074321173009377681240115648358666916123291609601949889654303250080113361226994455 129743367439658597788227294108021755767046909477411927224532350428670971008593399994265884659719209226316996834623977307384892082238987267641441485652 -1499861843295354866790487977119897213317751951945172455698893426152848559 497
88381546413195830490356121814345177109849335243162749316048866938595612502926212981848292492799412243073940471444121917248865926738905612439870244913151 136695256016867403405094275412015800038433321445307595802303928940824899910709308424513361645023825790940011570632767950034337929121499739520778807357 141415897891688519840193368568840442514977673920387793817368625343711639318754771771497246620180058566607564756186463697332615551351993055962725495704 -13969777093430458318839641254411662841637839144815581120388352227173996067 497
88381546413195830490356121814345177109849335243162749316048866938595612502926212981848292492799412243073940471444121917248865926738905612439870244913151 28250617688276846142144234461679468567149334345839596132180545628089027686845134990910709501267531565952920003074481479916298446833158357166392167915 52391344904198795490517581680924270294483430122430071402662219333830680052582853400814202474663137029856241904814957770782082587350613385780996138876 9523807213398901013197597784757212723106912155710674982427425122981674077 497
88381546413195830490356121814345177109849335243162749316048866938595612502926212981848292492799412243073940471444121917248865926738905612439870244913151 140560770156500675388044113796991660997094194170078173446796732912219699776234974775492575019706848803597351339256166293982071118064019951769284287287 126660770959266451478018616144425199916042416820311850252251528720200543285373469827428467537521709955666846860557568928688720084108700589738132239712 -15674156888411486455620417245861459122930839335550717008677987999803328201 497
88381546413195830490356121814345177109849335243162749316048866938595612502926212981848292492799412243073940471444121917248865926738905612439870244913151 135988482466591781144354631493819415084340976621503760313755637204899897694065423210195941940838792068683948564960780679769666631265610607317308734687 178840468767888356237630921489757926154211197911317491057406967319155525404647662286762238687606470622776662134611918349059438380791485680824638464696 -7645441734702906676087757044090489680620472799946544749616355815423455423 497
88381546413195830490356121814345177109849335243162749316048866938595612502926212981848292492799412243073940471444121917248865926738905612439870244913151 119720495859137331977763115321355963447410242352570355446775334284081489477263656176974823337542260628262720169454494903282972829476364779509317510421 182875323393430559920929264582316212301284759130481737626692726362687983007963827680601585654459955192451221391238548683824539144710734832881467027336 3700258291113769904574845043905858460974207058377182016514215431274827445 497
88381546413195830490356121814345177109849335243162749316048866938595612502926212981848292492799412243073940471444121917248865926738905612439870244913151 46820833666988122906828203394930160183311013524150058678827333079868298524212606632909236582094594136397969864599658336489765752350392504158176153697 130246476521919951474414530931442423990795090642382740652068089361418460356543369438122860484877281395393831116535277185603524419772802269484295942660 -131337278297253991467995459733847682817705557040599023117148316062113865 497
88381546413195830490356121814345177109849335243162749316048866938595612502926212981848292492799412243073940471444121917248865926738905612439870244913151 139605707416362748637574958384580465925568048307677468472015098714839646891745038875745885194149286012559566121972440864092799512038286812448211114047 19559843275591304851711628403789926443263135902538324448873934767926888329936287937208108933655138794531115251413105008416712951358966356750062588216 20529869574774089001389515287817084447041200814970859818525992214589920287 497
88381546413195830490356121814345177109849335243162749316048866938595612502926212981848292492799412243073940471444121917248865926738905612439870244913151 34679250298596267348481725266153424743350254581105096177609017424862447107013764437794814749322565072292456509758561475984551002588580645228986045143 37932541481140398969915598464370325305776642112814923527775647852624018253769357495951303230614433492851467679311616659665497569847650898822316196704 -11430848873508785476621700430257256009566444202836250794398100930767794391 497
88381546413195830490356121814345177109849335243162749316048866938595612502926212981848292492799412243073940471444121917248865926738905612439870244913151 168460578467236573285051357527340416363937434940717823984963784516329871148248210238090500284729832560176559834321874280552667824013031753861316742333 66779886165874387030105704932900066662907800085093032471561745525128594828377127774589591358787024035135962086187678113471672826825125251949654340984 20207821656553213664410595644344989204952998360672833224404062617288849059 497
88381546413195830490356121814345177109849335243162749316048866938595612502926212981848292492799412243073940471444121917248865926738905612439870244913151 153474307621667923197628506886092141387996460817731582958415212770567578847642452287107058924022890859180997663566110917105093975433088694266025315099 175051529837826939568022377808486995932120908137854439484970656155161443909951804877399346923854392360793775285576570416308139465334999864041938055536 9864502915629974756025778167711753809580806955471765257733228081353175909 497
88381546413195830490356121814345177109849335243162749316048866938595612502926212981848292492799412243073940471444121917248865926738905612439870244913151 2868238116135846728380887833594911093266337570816544584743317597778318231563788792227878087898685586294255817204682592285917763323039468850928725847 6428337781658992533492901662878709853502173949854304949493193246929190244607521296572944414954851586497556585397686651772749305561079746438486951700 -3566264038225406174924336545559659538754974866253920830452514349516837905 497
88381546413195830490356121814345177109849335243162749316048866938595612502926212981848292492799412243073940471444121917248865926738905612439870244913151 201524548208618289215406627901096403771287488435166876389847107714697538736878519798075780081761673756222313846914352181523964864330222261152761549901 166190099573856500416345101374521630692964496597947967999686289857991939824931596110356549688290829514670580602822441920862306084494241914218018206836 12687618341765651747386147799405910016524820869288110303993581973222397205 497
88381546413195830490356121814345177109849335243162749316048866938595612502926212981848292492799412243073940471444121917248865926738905612439870244913151 50221134866703050061115808046978122045494937905563047438523443004672588096416450924835968216830325913903596776102064950025981653103110109081728231885 78002422024288855041604319734922670078429154028385016257901459431985992813955812814475788736183704522505550945394442664547775349313529504206415895388 11624365514190036399201529466128469597229794553358281437593993331792594901 497
88381546413195830490356121814345177109849335243162749316048866938595612502926212981848292492799412243073940471444121917248865926738905612439870244913151 162320487287163360267459138871093621324475115380134815594088668416876934011283821287055631752192592524471262134021462583258467450886966306900606994393 152364530689559172843639197104246695170279702347380574481800089629608442728258256223435802662476369881118058697821462244723637739694677736243499917616 13809434738800678412470149379482350386956190766430808528862704763490848679 497
88381546413195830490356121814345177109849335243162749316048866938595612502926212981848292492799412243073940471444121917248865926738905612439870244913151 24685482644907322064410443417604481900166567481230917944381657465822216234298419563105644708562539539892087939809260524365430021652842856216245898533 72421452360070714121525749217826828977301480784144987950418837214035804569219843932057739509274233077641693263238333116533453268521710185709023532556 6931549774217287825141019387946784941224221557844941591660386359343773651 497
88381546413195830490356121814345177109849335243162749316048866938595612502926212981848292492799412243073940471444121917248865926738905612439870244913151 6480709529118820259087574376316556024781094918266084930121055144772842833086249390402464643995608215962417986201389440787021524888542023500073220237 50006912272677330918946215685970507278052851901445847242525061730149445221247845007006318358647673905254761975063313455121190807023513705411757880964 -1110769016718244640543129976565392673032335166620484018762213669981263893 497
88381546413195830490356121814345177109849335243162749316048866938595612502926212981848292492799412243073940471444121917248865926738905612439870244913151 2624348300822129354841843607125040919405185325916338335270154956526929068479787071312629221139440090747583538944311766879430493411323414394432304011 27889383717624541114065376039212281064977243403191850597137662358410600667823872376665627545508658645756519325070674618591061367212311165689573126964 -1808633366196221747628880485171136324111878425123658091325325168576370685 497
88381546413195830490356121814345177109849335243162749316048866938595612502926212981848292492799412243073940471444121917248865926738905612439870244913151 91068616576700388368674015396076755460966306671361869443570758330922610283204619522634990434756337451792732400151824795679753771143799571020134107997 157480159255849791156400308595261633499730445401256461974882008457912402049321473668488596086044165326162100929297543153490083002725561595110942647560 -6868407028647408414991194945963396706761412105529339881953580479318403075 497
88381546413195830490356121814345177109849335243162749316048866938595612502926212981848292492799412243073940471444121917248865926738905612439870244913151 1147112892682366511553188641733441278534474628606374046549825095955968844130544254819487452120405135621711993679271770701765586909801376253596656575 5673490962097488012147964272018390893680628121955753734396974918369623584672175231478906602845582787451598495003012867081803586861462794774196844936 2220725110704192398155556498993800716716470210905641036014787160820334177 497
88381546413195830490356121814345177109849335243162749316048866938595612502926212981848292492799412243073940471444121917248865926738905612439870244913151 125612993738286404179575487774437634356932128330888177521198779625309720827464302993184749704287983998899176618765142597154595067414246742518492339607 71164193565443209185739521818954469060824407087598921257665039938595481781409377338597395268397936228738749020969611701482386915613626730997128346304 18593338657410764228432859102138316543048176239793553372473650806832895383 497
88381546413195830490356121814345177109849335243162749316048866938595612502926212981848292492799412243073940471444121917248865926738905612439870244913151 146698062533099557508317559018434892766932356412893005033905237379420980696863627691542603581391229274879352624394891810676348940701953601445516580817 87065472022412369974431181959586011617154242536536210560349898564881035244103827857547178914590789489060550868062668735159885055290091658849841047604 18705489057488629337848173891373070458383486206574336064044363553555313287 497
88381546413195830490356121814345177109849335243162749316048866938595612502926212981848292492799412243073940471444121917248865926738905612439870244913151 109896318533359747076565374782770982301320188876750186893615702839712191242937222882438134693224114587244335265195099115242294714031038498261920586305 122906680076600357424593139030534393718392174796516413911911208535001152626171956170568530931575198974447991385173342716992872576921857718691037006864 -14184928178248964332342483790964882864744027950858315057321269942962971967 497
88381546413195830490356121814345177109849335243162749316048866938595612502926212981848292492799412243073940471444121917248865926738905612439870244913151 111790211320854354700330439747867276055506408206442478046966825233786940887483657967617412184941320223456171336521585250135900614073170112533041741675 127755134590931785079503578055305648322206120722743750256889716065292646022766476544456483021680549247137233491939009162226328596978320254071332587484 13837590690715854719724267218540577346097546348170923992941199096650277213 497
88381546413195830490356121814345177109849335243162749316048866938595612502926212981848292492799412243073940471444121917248865926738905612439870244913151 73392600500155910894988050948721968810691582726846795521478029686755095228436988259068296377104138114400130011163402369769652495949373151603336682707 124363545353450286264702218063234133421370606813274223700246202488211094327676229724407193527319095361245337437370726484613956802082718400054798284268 -10190205877299730414087517179171791448131612253136813264223255307339819659 497
88381546413195830490356121814345177109849335243162749316048866938595612502926212981848292492799412243073940471444121917248865926738905612439870244913151 25265742371362636406233463458626159859395651166956428631774226672101488342876808615866388761188358026589903240173368586261291505967156858685971927791 10540166921932366594975908284455512882463175524052074741646744194944960112397835980559038147672110587047379757127844149700774388910284545247171637320 -10415915027229916660101821267079465673239206304261166977964794815054204111 497
88381546413195830490356121814345177109849335243162749316048866938595612502926212981848292492799412243073940471444121917248865926738905612439870244913151 54063086295438428939627445240235608919844734763451502145640139068821158611204920265194290620426858719973649734926957206518900153082254471942062526093 96381630439635741449785849384507369519447997887994439574378397852901185433075311491846900080990349589575268142328175995673697619373482767919453645816 -10588472781154440563173685381703610849630140946504167490709536091362770221 497
88381546413195830490356121814345177109849335243162749316048866938595612502926212981848292492799412243073940471444121917248865926738905612439870244913151 133730534790176020539366120720400523088712658433293861620548837927435333608700952087655963639542540318025859046603593298471364754044139033491516487047 49383189004690725358733756841523336487589708808633331218838546172775465467102302828100833210032136570559600089040644778217981044467798718414713832296 -19727688318740006114380875289749070098079713827175463499672162191083116903 497
88381546413195830490356121814345177109849335243162749316048866938595612502926212981848292492799412243073940471444121917248865926738905612439870244913151 66785831524592864328607222489286773362287027680802441365429918608988643946778489530891118289261969632060719769031345070581391610265754711052264375407 53624532842408984007576069905546041436992345813318752975357346952632291367188156132742054739131059264753666876593132102831931419881258415098027745248 -15039634822981494506824668013178475601962560152519562249270544653848501649 497
88381546413195830490356121814345177109849335243162749316048866938595612502926212981848292492799412243073940471444121917248865926738905612439870244913151 97501207452302436029833779983387085760706998178876358447870407888142107598408814350101404689424826106249861435324390529423873175993440472265060770541 36821129684817230479483291227632238635681988288871713313236851378166052477034390809174770225094993763822596229096304417089415707951450730393662531836 -18124357659896091737214576468007966189736462428151542750335748165694989685 497
88381546413195830490356121814345177109849335243162749316048866938595612502926212981848292492799412243073940471444121917248865926738905612439870244913151 112785593731153440889839172720288070343917671139617627499720298981534782538155643194631685155580335133547080899018195951190159779309809251016330774021 160534797029836341273595380468875796925215010125430281904360842514963092005642616818757118583065296637886191194224308742667069228852346450435875433400 -9307772023689009181889587393454410073884781851580079682024702593242519461 497
88381546413195830490356121814345177109849335243162749316048866938595612502926212981848292492799412243073940471444121917248865926738905612439870244913151 161452454881431073472512935837496891775310422815246892530494740751126544860148960559406098644693555762885419028185881579915927793886129940350124772633 20541668103741857404838822483330968723965563044019527263787589408343671505612825796879165811040578447181594562099965580851246526576161899617507543256 21160217851421907664745642116112267371577380060057372287983882030816791751 497
88381546413195830490356121814345177109849335243162749316048866938595612502926212981848292492799412243073940471444121917248865926738905612439870244913151 39656837743977224409221737332825679360481885255302597330904246930336583836302676856236579009077666280272704230484548546087338093285385167627136556767 96339722537604939306646791152964171108255641362237603754914774983478190278579228866837952964897847215157533120296834578189100074664831445658765671704 7796662808190211336798732581498025382652698979927518194352629387247127487 497
88381546413195830490356121814345177109849335243162749316048866938595612502926212981848292492799412243073940471444121917248865926738905612439870244913151 147069052284527838112813668649912382614351560849200076310565276025667144442617926923464092104460325059155849251524485911102351387594684403872964723871 124305172296865438997384284898633670936119548058396568685946815274188121324058922249523791617446594848818478510896393490878081905810905228261039055336 16165345828872480670558197091012709865284309235508875454634307355618418305 497
88381546413195830490356121814345177109849335243162749316048866938595612502926212981848292492799412243073940471444121917248865926738905612439870244913151 38934711397418564615754563741106966180376453250919574672946952847700604760470063086843560106996729719803090952222401742318964963434681849421470951899 73304410046998204458797558033512730618447490832132614538425376360282989594251433766448629465858315355602005299901187347129328440110572476250913233724 -10114449356081449500811992630228221495242826365180885013502262246985804051 497
88381546413195830490356121814345177109849335243162749316048866938595612502926212981848292492799412243073940471444121917248865926738905612439870244913151 156940960945273242150085418616918869166626051115591979565466594208731820784715291759469559278630485313195222409120658632302048490054084347426721874065 195803208729408194485653198808392863430235308082415869525122327681468197228572199928953441160128075957633058252596163562315248538505823098157159340636 -3755888276115737231425920098631513966541749299427837673454798710916244103 497
88381546413195830490356121814345177109849335243162749316048866938595612502926212981848292492799412243073940471444121917248865926738905612439870244913151 172496305080430261138660340869362013515079213873989729027980857823593892883452304750377778282332520406404443266186107315627212899152007092492964022651 36250628160362687277419302867456465742845031042413452602251999826890723336494629340901608735673880343333787467900172400269941177992427304384639666964 21143802959648730809958486712743286768931267364489081257218345189941805325 497
88381546413195830490356121814345177109849335243162749316048866938595612502926212981848292492799412243073940471444121917248865926738905612439870244913151 109150222568998365519598662345590418177739747891939899512431084534797833934875645890936175240280829447939548803315525088539398826834613488561674894847 8608572064121688008914618068980069015242416897858300980020890965478911383336270142828895506915060179568413421585081473803404379286406319483170946400 19227254186138484583834122257679393059309091369451153511930675708926342145 497
