# p q x y e
2261564242916331941866620800950935700259179388000792266395655937654553313279 296270142771622455917942035243962442131138801005017823744104977426442079290723 429285874286400280477994953960741661214318486611745745548376036428833470407456 -1026615391160084018950868755088557868189 259
2261564242916331941866620800950935700259179388000792266395655937654553313279 288092697602127215115963721853453214373133814183524237700947732648708092623373 242667886017393870579388197790517934058721694772922599708465287844695745913796 7434054900768186765446433530307846822251 259
2261564242916331941866620800950935700259179388000792266395655937654553313279 282414796697856026813953564889858097357771973094106413280853795631926266256099 417049112758497415313540067219684120534606044617043973670814120614757150821900 -1871731339488879095857547858310396495003 259
2261564242916331941866620800950935700259179388000792266395655937654553313279 143853354671074945397144626543361211860176389447257325482854790214309742764769 243386608300809848653855826811768314073128535011564434927819618098676387456056 -4855839088115751950562016267062327547135 259
2261564242916331941866620800950935700259179388000792266395655937654553313279 131851095567768325123791542822555399828312415685865470579955777419892172794963 273914332743751475916918882922717393198513435075194948727410432773098254781188 3625388473045105491792415174525786200117 259
2261564242916331941866620800950935700259179388000792266395655937654553313279 184628253953569097568120962284170241513264027745737038703497273632207568371875 257000944595770090218524595037509801723962824268955279888583029044354782429040 -5598744317095422218336768399284161011235 259
2261564242916331941866620800950935700259179388000792266395655937654553313279 10674437012606766240109009448532103369579522541790214901665825168739826533113 94315596247423938870579839748109722811009997821367352817378491697202650009580 623343754405981298269138751312392001055 259
2261564242916331941866620800950935700259179388000792266395655937654553313279 149626469633072501051692542335166349632629547353089447827576437685008874111019 33934053661589011717920592158626265043994276486466433807829997221278316444544 -7132913413832755810723028186697735938005 259
2261564242916331941866620800950935700259179388000792266395655937654553313279 129528038383789486979289681185120605728321696339326568681280744241533913890983 320369060815910119892528966357228502290813051014111425738068583658108622597724 -503234424349837009711041408385392561921 259
2261564242916331941866620800950935700259179388000792266395655937654553313279 155665762297703810001763902460642543153687083869719962783965628994680077572645 344551158036524318743113034193096998207468830980819408475070209692508014569552 743917811098788940301859034897427125083 259
2261564242916331941866620800950935700259179388000792266395655937654553313279 31714939496950526382543043174079613127308293849755098346872356140934438497575 135376876556666374026458154671461143097463326896229185892343580452657139673128 -2107616644497545934003815559292514998023 259
2261564242916331941866620800950935700259179388000792266395655937654553313279 290726941855924850267299925307651866665817049106290845859798583225256392345255 375544297828831102703366165937976500242608549267131767615061494741026069700676 4398566821601413441905079119793464232321 259
2261564242916331941866620800950935700259179388000792266395655937654553313279 219635474183899187961591128500971521546617986769310998402334185915251052222943 335492718309515113308018247714511167080270561127718354639429647568318923908936 4343227387835455547299132827224556690879 259
2261564242916331941866620800950935700259179388000792266395655937654553313279 331083083681824553988311858948006260774856297144995124367977119820411006196013 364160174978352326315129647314207356304688293308148676684490105082186181406784 -5339002664456393062005158680846302789331 259
2261564242916331941866620800950935700259179388000792266395655937654553313279 402827818793201173810342925354377325309595829292915175059857241824389211425133 167833780746544326929851854668841299194205677523464659172389583443389759955916 8988423981755023778164010688853421403189 259
2261564242916331941866620800950935700259179388000792266395655937654553313279 53224998730828093330751371740448449684066223718895950910129697835395567042219 196238478347534221966565482702707505081475842887940959615683401662075922767360 1876298681270997583297827028933227429547 259
2261564242916331941866620800950935700259179388000792266395655937654553313279 197155510546402023203625016074020060992455688562801048441914760776218696294225 378696377868559459961770384840343204419527822459558149623352251853387381534064 394039069750867236533017500396816539601 259
2261564242916331941866620800950935700259179388000792266395655937654553313279 5618809236102550057444345815279345838505356963299090428454226306996374295625 71595812775625237345522292159799791117613627629297394883233616902938448874500 -144738228758158608358912718707823669775 259
2261564242916331941866620800950935700259179388000792266395655937654553313279 361143134164850494172561065616259752963545106516732037168302183737985683175315 113013618255938758753562355534971780079907145229894780113603042227883902598184 9198195217921424525362104111558188182029 259
2261564242916331941866620800950935700259179388000792266395655937654553313279 196540608253996999410796175423805450236893569231419163051764267202790005004105 214570627999866658353708937324770413922562699682155727767293517971769451909896 6562384500622715191956116949051238155159 259
2261564242916331941866620800950935700259179388000792266395655937654553313279 212393488756220431981218934612432001048547262123343951025454841178527096924737 298761307998136667167602361956947160825215860979544711802176028381445666776136 -5251861371759657181539325876411304331873 259
2261564242916331941866620800950935700259179388000792266395655937654553313279 448527742993178946344073508539597198960507185266497796330465642939785712257295 302461888656587409725476201718701378708774652426265772897007368735158328090844 7369586806329346436787799900744077761241 259
2261564242916331941866620800950935700259179388000792266395655937654553313279 316081113085141872249949897730669759466642065233572073490088364822574433776275 363186378378896896829749874800532617042533149777061667362384580001075329624140 5192904551285627178914131118522451390005 259
2261564242916331941866620800950935700259179388000792266395655937654553313279 165925873245114656122266943455997760300895505873707925943871059721435442188679 267622644557972822956201844021239183843205412997549245273186794103020295651744 4911257730217159552508886754431152992135 259
2261564242916331941866620800950935700259179388000792266395655937654553313279 82618525531260732480626736031964569197463247939332043331981595277423855914963 131360196754857391718568309475628981570530040063183227026231088469074431055940 4815855668140227925861805932277541189195 259
2261564242916331941866620800950935700259179388000792266395655937654553313279 370859161576672374776468846836200655921409884745137360798271087047036281593227 20753423342239494231391766821252878114873755951991947447534508884764399124104 9534080627515649758603255863208874022933 259
2261564242916331941866620800950935700259179388000792266395655937654553313279 417301613939914905622907624220079979980121354149007030567400025768769683805873 127752342086008850974531810551487038777463090725312857933277751404629906469924 9311826911345107701583852284489490864281 259
2261564242916331941866620800950935700259179388000792266395655937654553313279 114268723567469405728254651951307560949342747793186867111821819002589078283063 286546090227953242025329213332112695148862598380507353637609475439223651955564 2173647502756910387096349353951801593551 259
2261564242916331941866620800950935700259179388000792266395655937654553313279 50683509856247319551511688670860494357474111227804467886449516486174143204589 210500832377598521010850623390566482052501005575918674566212343697269380488260 176655945592277850071874661487708276853 259
2261564242916331941866620800950935700259179388000792266395655937654553313279 415314901580271318998415297122863397589472936267274809457237602940170318792813 335679544413088858993551782085760484669196687209883275593393825266998531782836 -6634762270340015484912502185786819515701 259
2261564242916331941866620800950935700259179388000792266395655937654553313279 282254545029597754057907198171583126197487862510596532350835544192596686827275 230050256160534149094015893540555509319413006628151254541356143460426391848676 -7548746102115626378611024828863317704259 259
2261564242916331941866620800950935700259179388000792266395655937654553313279 65769408737916804405640895685269786909049616438323398702128403008611163783869 201432491674925243966203626375045206387641502806258786940292922230839443334556 -2661830408765299886844266148875433506235 259
2261564242916331941866620800950935700259179388000792266395655937654553313279 224384315963772997051750267573086529657975493080188164063115824293905585371373 393813912372299511458222760704260194966296414840857381383490874886648916121244 -1033945708949162417671921542715720595211 259
2261564242916331941866620800950935700259179388000792266395655937654553313279 39701100442771311741173995674452648318700726287476449289984283836073656449623 12318723410743723732407330140473069796717803497004717703283018993459227972484 3936690172302777662495195551090483496529 259
2261564242916331941866620800950935700259179388000792266395655937654553313279 429770722813430091886373589213476145144263344617448448442309525007470841412233 134507821792156181726257474474095546358717728261052014259994414787112473919864 9293209932132162675908834138870727404631 259
2261564242916331941866620800950935700259179388000792266395655937654553313279 153227615565123386027063954609654765515295196822116871697925793542674692882991 169429181708744867555018346668922400551651842793502090846176863638939698110376 -6299787027268060635706473670993550229263 259
2261564242916331941866620800950935700259179388000792266395655937654553313279 406515257540750909404365606330192852762485817902637386331466534640334525261211 72205957428116769110704571357106647687069470766975210532617013641651880854976 9546326258893469600917523710497129529957 259
2261564242916331941866620800950935700259179388000792266395655937654553313279 153039838842598650426727388823303961651883353707535557189773469309743408588669 342069769636085389968388070833421291839210058429954179387722006437661051326520 767878211484939489546771648277431059997 259
2261564242916331941866620800950935700259179388000792266395655937654553313279 371193739666364450027329121941109382593066437443903859409219054713351729816045 71502862099679520899486643379633371950079654022234568738332981268960921768508 9426331633425545973054752052197521276043 259
2261564242916331941866620800950935700259179388000792266395655937654553313279 165278169735084638222232604155305075282164296160907577828656008477974871301493 227401799157916650993618053131649301842354548024309744903758583013629958131584 -5723092104199452706918511746659336191349 259
2261564242916331941866620800950935700259179388000792266395655937654553313279 360760183708312283444533467002449490381949628280013068440719386934365089666009 450767350133384636781571183244518163840651712802529573928812772634233736204156 611723098943242488842120040710972889345 259
2261564242916331941866620800950935700259179388000792266395655937654553313279 360302298464247221033558086539897821128850140137783406508868731308851675127633 441168358958476809959503451429809981958415900930697289844985328495406323414364 -2029379106262689868147276226742928588231 259
2261564242916331941866620800950935700259179388000792266395655937654553313279 363843338744911316079693599303808036202343678534943810251403075000046443892875 405818996902971333645525107161955711145103831585576541819606899972597443338640 -4204020583543614660713777266402474453515 259
2261564242916331941866620800950935700259179388000792266395655937654553313279 326503343573796943899795997036762359815827502928462262016863831534914455943259 428864113071744227594598656668576992169068144269920500489031805283058567570800 -2296103537261119381355221839170555779547 259
2261564242916331941866620800950935700259179388000792266395655937654553313279 175499103383490341223311333881571466149955945622327392562452361919934811666897 184811808051317174401795100264102717523586980820162339405704403744168883040884 -6569856263903541863908440671917399088007 259
2261564242916331941866620800950935700259179388000792266395655937654553313279 146677339338395593031650888954681626986117268796133215844270825386795366875955 317663540332286522822547451375393869805439949730907432103744522809398575462904 -2438530687945161547552003609994332812141 259
2261564242916331941866620800950935700259179388000792266395655937654553313279 214936987164905380895069675077667000656703174163487231995470339731609701092993 348255254170225759245405585816803933304390133540020561924905137631465987434992 -3739440496852718105853887378302529138943 259
2261564242916331941866620800950935700259179388000792266395655937654553313279 388888700585389701759556040635374853955562397679117058007100968868485517048305 426513279140055961546910734648812903389131060583255558742605184095725608461404 -3461235544630173186098344574915999262759 259
2261564242916331941866620800950935700259179388000792266395655937654553313279 264915374061702525917173233646189259113102442879194155431295612361819108148443 394664032908793364961586068393051527711945572292224409192715226477880807544696 -2933444796029791449738067747192796969669 259
2261564242916331941866620800950935700259179388000792266395655937654553313279 47053795700099898844092013878613740574492081899356650429401149587759303132433 2650496496351815622931999102733537046974768622283600397530239819077391545232 -4276813484198570861093417794194550934127 259
2261564242916331941866620800950935700259179388000792266395655937654553313279 257274941490211390324329813265230922809533003973293051577302355871193869687345 80369674634638116866606900079582620625808395488558175000827580250654512755276 8558982067129717988959875939436029446439 259
2261564242916331941866620800950935700259179388000792266395655937654553313279 288368904786880112364771617451028428932586383738363841763481111711178551020675 392400531809981155301225691411124156448706817175992114924389322081972867294656 -3641644376899108083417814595282245245821 259
2261564242916331941866620800950935700259179388000792266395655937654553313279 356668268851411925771839725148285403405106293663191330192705288455497673700597 337947195473092874373641020574123710572173755200962247600155799529907298534276 6272316293752679576736025378232250212413 259
2261564242916331941866620800950935700259179388000792266395655937654553313279 237008093876548712887005999234591759182623488803962183895093153960791276262515 155363653440701426547001592694396897818566851661172750764482654644493151475452 -7846488734159040899139673383873135176427 259
2261564242916331941866620800950935700259179388000792266395655937654553313279 86827745888744906629022023268555745752989266572289670591368621880140476216045 172950867230558409771738528291645967200566552651920401252699036163715319769608 4359454210071676361254584836602012329357 259
2261564242916331941866620800950935700259179388000792266395655937654553313279 71754493543535172917920770755329595147688788003108897880993310143668617883225 222937583501205633428231584602939146658931209091768149144648840343410374592876 2266621190650630397303076611855456364609 259
2261564242916331941866620800950935700259179388000792266395655937654553313279 218246397587838316870223517841341405117566390257694220593442923564224079747023 390831713932210469579414385291621180014846574526936418683026977333288689097556 889340733399477371422705621000891948889 259
2261564242916331941866620800950935700259179388000792266395655937654553313279 325302304586584847026637624713991246515252667369230720600394906916522356068213 82063159863750238039198015853182321358223487998305918848579989202642348742496 -9136451875344990566252396302487672489611 259
2261564242916331941866620800950935700259179388000792266395655937654553313279 313213798115472620532244682613653116327484688539845071310470775943151147222403 437251828269878594243877150487156127710501902932279102161005051343805503715096 -612844933410507834201988408402577868771 259
2261564242916331941866620800950935700259179388000792266395655937654553313279 194451887512370246629635686028133432411398081079169847730253927563226419829725 105420236333446925737043921680943460946655299369528327142953422018800407282096 -7616708790311095153569566399598607274589 259
2261564242916331941866620800950935700259179388000792266395655937654553313279 394136358651983665876459170724215206227650558041161515231147175799151909834175 261346038991110136982137204576401826513928617753835826155033485961290412396776 -7908769545433293235576395051281682009759 259
2261564242916331941866620800950935700259179388000792266395655937654553313279 322965628140301520931125157206697305035677279713343824826331579428694619359525 176910600263834060726868802653936753401468447527217451199050711170993474816984 8504491920746238292274204978568635253819 259
2261564242916331941866620800950935700259179388000792266395655937654553313279 129280009973327510085880117290206641836151363797886332488482055361558216090649 253530205179636290199068592874033308698377640499591944937190073956506832138680 4140193696445603756652573045759703432903 259
2261564242916331941866620800950935700259179388000792266395655937654553313279 266480008596433444199772692507316120298067173558787993003374848320149141353955 410828717183355865508934761998290636592001963631788861986324800169000424111412 1766640680755082270051989992670786878107 259
2261564242916331941866620800950935700259179388000792266395655937654553313279 285506275774642109786450446968439702657085787884555615242566821234827291108759 392877919153141327484886436313336714283508712327281969891898258848855567947844 3556638145486940573718278688473532864495 259
2261564242916331941866620800950935700259179388000792266395655937654553313279 314803141688799143335557464917988384306829548166350908486014786111732256082315 310994310853974808031303332400199127151498618096682703507041195841753402127412 -6508298659960032064027727444691835292163 259
2261564242916331941866620800950935700259179388000792266395655937654553313279 289211028890541647762133644691944326825019938436388194158183085504888611972363 50629282409078830069923192853860675055851727042941762792807880662972013951560 -8963415687247360635079808686535061328235 259
2261564242916331941866620800950935700259179388000792266395655937654553313279 179124001753466497825277134260679885155399620185918973402658704917539351736381 192912436775777036764360980076665934971508875899092326025326311437612848918204 -6536544255330452873557339396705064140987 259
2261564242916331941866620800950935700259179388000792266395655937654553313279 59403220698603188587076590582980704525570388233060601815846290385912068313935 222459283170868184333587790717111885550614051171985676026502784627086130079456 942862887979091579202163448071778718031 259
2261564242916331941866620800950935700259179388000792266395655937654553313279 38992081379107503024232490364410196776989737835227087914120543293041994924055 173855391493850148058913735014177996485826999541455834824745630160737488669504 -1390659712896813639546121788713354426391 259
2261564242916331941866620800950935700259179388000792266395655937654553313279 47387437002632230533128915905500778111858654654376241914357731977734232146545 104950655808096656621976833164895438660945400046258672388461635849756712530764 3680571038011651463427416440503404687079 259
2261564242916331941866620800950935700259179388000792266395655937654553313279 136665144226580955092572988970447419386615467192096219494368962400201579754455 187688692492066020787547722774523197349184571051524545225256270600271443656484 5669482587872847373952235285380251160239 259
2261564242916331941866620800950935700259179388000792266395655937654553313279 67165163493366830126176746089751709136676742796855742036070055150089929338705 220013610885772602157399065824303382726455324041061512870260647652853667038464 2027900077560384781315007688511583277231 259
2261564242916331941866620800950935700259179388000792266395655937654553313279 164799177474173016678038576891283491641080262353059187236037515451040755683413 126438721741971282549543092368446482092935463860186185672065255470334383425500 6958736227836638195276420188531674155805 259
2261564242916331941866620800950935700259179388000792266395655937654553313279 305002758697589933959756900368706559972105778292989846582730809203330616910717 434139292565152005111205494018217025904368394507454430815392654655863053520296 -675399425543158485258722256091070566173 259
2261564242916331941866620800950935700259179388000792266395655937654553313279 273622712790811604765527585510393855164032878222784621416463712642258298824145 326515912265986091559582408663986355736069779217003249097759244299150964173908 -5641774709648201798564026586397817636857 259
2261564242916331941866620800950935700259179388000792266395655937654553313279 79048057466943527682210094766553450452781605179245523033814744449334694600475 179602860672908987556738884200650883924709884272651786203324800610547868947468 3918151582640402251223462774537134444013 259
2261564242916331941866620800950935700259179388000792266395655937654553313279 415453371814119331417469560618812262961918532843328796994257239779554429615095 429733598446815041972220905007694655598320916894864794809721282070656480442976 3491973555716875598712342341566853675511 259
2261564242916331941866620800950935700259179388000792266395655937654553313279 344927285149742032760553852070566455554221474104341790614803067917957959334319 199093377149943353924199111613179172689897552421502207881229016263589971065180 8434928178161680495377458066788227874503 259
2261564242916331941866620800950935700259179388000792266395655937654553313279 225880956219436147097310664416781886426339235833816605408264064393134697827981 166202612520352387092857732662087427890654196775084697744667151830868985421524 7599079448810012082793833767171342785323 259
2261564242916331941866620800950935700259179388000792266395655937654553313279 81313948632406066146530600858384712324394883562955402673201554567138533959455 133508583515575534474108455562722091525009988040898704416510301022521439706796 -4743528368723843509984966980857757366409 259
2261564242916331941866620800950935700259179388000792266395655937654553313279 27280204147523327438342925800428521528817175190688817347581297979407246317875 127358601360993083436135325733911617600615156093873852130759778311907700271480 -1916450288734087424381623717564545412755 259
2261564242916331941866620800950935700259179388000792266395655937654553313279 175816050389067942559939769276670140607433189857761944582776014215418765817935 17261846824514069049446294722877361133200818794165709385966810221822411907372 -7629836228470898509908155427021514676007 259
2261564242916331941866620800950935700259179388000792266395655937654553313279 146292992909848759326630766341782650578790386062269796351555538619239722745163 163170537037227067962521054733234888545116544941350533370679507709074487309872 6219786884146608693469577759191327294773 259
2261564242916331941866620800950935700259179388000792266395655937654553313279 163953300755771071978203987416569626563515952361042092891262032966553248878123 342548039286273947565552424063866759867826459836702422454290128043172366304456 1839923808673757468855913615611887350411 259
2261564242916331941866620800950935700259179388000792266395655937654553313279 354147015932692308093599523925730663544444695371265516378653869347068815425805 174456184513081344058835440108501577360383626067217637629391222513863958140568 -8726047017745813981071423079882995199827 259
2261564242916331941866620800950935700259179388000792266395655937654553313279 365647564940048381956029177026798365701882824843513470983268071178848119909755 323810983670382416945739182712813381073799125027491063788621404098496915767476 6654953276650563546835556809570938443379 259
2261564242916331941866620800950935700259179388000792266395655937654553313279 208964455371765018871519407617362680710858667901497434313382608564786237532645 27970039335421020951483383746198249348842335068799855387879013339464026433136 8120220505246678488855651371544300984421 259
2261564242916331941866620800950935700259179388000792266395655937654553313279 379782432188788723213039604101827877474148961946934209620745630489720012527901 22142503060005583001215403767452530553084161144785790242907414424374818589364 9568990135254983141841822754981739789723 259
2261564242916331941866620800950935700259179388000792266395655937654553313279 17739955698230821984055341204842743637530155353785380428861160491935655749053 125575538131737955120463939480369558930396629374927077270576199325730592707516 392974191844187829716271855574864295109 259
2261564242916331941866620800950935700259179388000792266395655937654553313279 243756630430750000965354421953033884009061675164136581937094590333945761903833 401550801520264587632754253063058702019500407682693082850505157702680837500924 1507623625391907941247498868583210831871 259
2261564242916331941866620800950935700259179388000792266395655937654553313279 113926785259074292160828103261344395618333460781361202993780795116094017817883 269051491734105008320186858604764596756430872609120270907883968306152159860532 -2986147798248993171981198035257921828077 259
2261564242916331941866620800950935700259179388000792266395655937654553313279 363597240504534554715286284262738348605025544409087728675812669385888510175953 181747927152140188655827602561080571307323178422402763357924944502953282626964 8710169423365225089712392411368262032889 259
2261564242916331941866620800950935700259179388000792266395655937654553313279 220457422483315029409617143494518724397627370236084060670951444747954156425413 327467487937328729901241742206622939447991260060403857989491732738449801488872 4625243827681080297241297708746615612773 259
2261564242916331941866620800950935700259179388000792266395655937654553313279 91564598860494710165164600237193745819904421283880985589863774029065004293703 56111030092698443482898743293768030895061298894860872820395235507606086505264 -5692583129745756693343558852278886021689 259
2261564242916331941866620800950935700259179388000792266395655937654553313279 153545781785805456328778817289931146618108933170586894212155111345191444397309 272203509143157754234869059786883911015856967052600266522773940311356105727456 4439027144233934058264875813235085039875 259
2261564242916331941866620800950935700259179388000792266395655937654553313279 155103612109404538588610872480263060983354515799633977516556139484004150917763 265293501352732534330276524110465769912558051188007184771670559800867264139048 4666124397955656952550940535599152299293 259
2261564242916331941866620800950935700259179388000792266395655937654553313279 180639690634509139138433021135310136702521169281540195550886377475357466305125 359194162635444588870286566297792690176219034314328679597804892674718000049672 -1585066239017524769075251099569271772677 259
2261564242916331941866620800950935700259179388000792266395655937654553313279 74326110650058749379795754998479016370191436886905064398965260401621770553525 159252034109235751413760800035812017005231745384558101179132767168603833590884 4097223573278315053230484761311425753469 259
2261564242916331941866620800950935700259179388000792266395655937654553313279 95086415829598246006975904833070694420964149902613786837879926649337573394563 132539930484935579608259615977423573889579774909641488278427721065270238543280 -5213633383875200639770159838406477046275 259
2261564242916331941866620800950935700259179388000792266395655937654553313279 22889402171136765103115866592171739286009647897459688923018086568404658727 26285240668580765194038098886421171855898944440756850844848350790516121976 -187263566836314558628242075921013511 245
2261564242916331941866620800950935700259179388000792266395655937654553313279 14129598393060562460715286504167536056540409488901905955357458211057368333 13738041175139438190633122278137620490255189417948607768669715890982797764 426039390751490315647310215649036693 245
2261564242916331941866620800950935700259179388000792266395655937654553313279 13819296466156747412268229365028846124366244855315041115221842348321763827 23042123867013026252889174456892707777004974815251579577864817694283331416 162089705528964943931190259640098899 245
2261564242916331941866620800950935700259179388000792266395655937654553313279 6076242883019728000582261418743054727472818045872331243491667484447292715 16063464903827009918168791468104432389698070063958100197298387439930721864 146577625751347878791158808834579061 245
2261564242916331941866620800950935700259179388000792266395655937654553313279 3646989195132222271375412613292023221190157431053609657751666253673266121 7224788238353604235314259011133615982577297129894896847488273983694898516 -249425975443914403121985180910927665 245
2261564242916331941866620800950935700259179388000792266395655937654553313279 21866980414787393969941530813850391769923636997428392508292978959669796335 21657182283074227521507648670063606215006029431909041307793220368981494152 357561282386278975823549642765863473 245
2261564242916331941866620800950935700259179388000792266395655937654553313279 1422187901801343756666857986209417464782558351585378704730747517312253007 7589158626071177483933262254408890489609543920281123722833271845219944064 -95881806317554420651573324165014449 245
2261564242916331941866620800950935700259179388000792266395655937654553313279 22719649073105783829341034367694798241705262255834686241307225476951754485 16499614780609456955186014732020116081952086119982211263855082645322166796 -468374024387733229887458095451730301 245
2261564242916331941866620800950935700259179388000792266395655937654553313279 10381095332043493161398496020821579780700397152143382145949411041643352035 14285859219908749105582091374468243548596726723015726810771873039406879816 -348761823663552306704578831344070979 245
2261564242916331941866620800950935700259179388000792266395655937654553313279 5608565847703140144950557309286809291367676136342337316091725520259862855 14659025225754226360163411467887116348880021238378333162852331673927181644 176884700211912458555735827942881759 245
2261564242916331941866620800950935700259179388000792266395655937654553313279 26925497186360904272381149077343388999563283785457118385841589082433566855 25221549235686322730974948390255813417413163840115921665842716845407767184 -267008233535911006340420141806097401 245
2261564242916331941866620800950935700259179388000792266395655937654553313279 22730233501096283153979109016231886704447090023227232129942901241865840477 24095612114323450564261699650925734801181838458698452017080369861226785672 -288231632708348452668868985552988163 245
2261564242916331941866620800950935700259179388000792266395655937654553313279 18366937599243752542820259118611982825916414852209135996565157771238015975 10740939009447587034495540776376010755192576509433546884078573772406148624 -508917353182130757231618670051897191 245
2261564242916331941866620800950935700259179388000792266395655937654553313279 26885350147883446213430724076904309984829624208538326551670352644353089067 18438421972964025121626851514480143358640891100628705896474288809469296944 -449660602015487786100352089927197781 245
2261564242916331941866620800950935700259179388000792266395655937654553313279 2031060692346801271919687063912338341110857625216804466877523264176657181 8693387299973153790252548058501742006361400356215789608184092500532363660 124640837280888160638047195533001883 245
2261564242916331941866620800950935700259179388000792266395655937654553313279 21456025176507514632898881538407258453979062034021828220433266924542234543 24212073219431190165463663987470719359760341678827949312683534839019489816 271348486212743513804935461889844593 245
2261564242916331941866620800950935700259179388000792266395655937654553313279 5259550226881752792963115164586519560810542341149828117358884410908169515 14785511812817058503318358954163240530792609317762573945744347065905554344 150310443819838270148079530077291381 245
2261564242916331941866620800950935700259179388000792266395655937654553313279 25070977861636049508196895674271103131488148138075548447410151982967183841 27997517024184406612092286980542682134906170556796979906130317889983801284 47374778926631628932685683025040585 245
2261564242916331941866620800950935700259179388000792266395655937654553313279 1563336371337371849632906524685064810225863615571528283752649389650961461 9018654044016286101101998049039057015373969446494318680762299085371141700 -45146327115081865437820276169182333 245
2261564242916331941866620800950935700259179388000792266395655937654553313279 20340986652767379096231379140746539974671849568687443053075805093281286701 26035146587882879946841924317567472679007385037244096268311971340522073200 160800211271454009036956171431916717 245
2261564242916331941866620800950935700259179388000792266395655937654553313279 18930778698367444485890418385736074785607639395783438920979816086195453395 11451666647588667024923122604598134606493099356935071884339345983969462668 506773816881354987821179233716236277 245
2261564242916331941866620800950935700259179388000792266395655937654553313279 9409541001357330250634206597762725839868247213441639919117947794333116929 15861697549378945592223697314773183207741196531442660764199663365372188076 -291275356535517251940817378969941847 245
2261564242916331941866620800950935700259179388000792266395655937654553313279 14901338327568285600483116695141993810546491916858932243971559139429741213 24840630047901447931764084883822908258427941926552073233310565359613633984 38782411292466464121785566928135523 245
2261564242916331941866620800950935700259179388000792266395655937654553313279 23335345619286620346761829905446016873960764559451030880889020672910197645 1784489266277754110283830052336038860191385683357571010086437349777186536 -584119907746212603501339923575582931 245
2261564242916331941866620800950935700259179388000792266395655937654553313279 11656561966927477372415605685240536016923698666015056214215390163932299145 22867241294117562909270628039851869500986139908883495187198944325387079504 10833588611655527934551784453888009 245
2261564242916331941866620800950935700259179388000792266395655937654553313279 1816056924541548542012640619762119880453803420252205183721896521548369995 7029562913663858283888051108305353516069046939149972738251785179904621796 148638151661813096430653999814813059 245
2261564242916331941866620800950935700259179388000792266395655937654553313279 27726654998955473034059630657588041812645663960623509990047253700445357313 18728691209817391975018857488572206362308911926174343495166274373988697724 445130524372705267753727470673082857 245
2261564242916331941866620800950935700259179388000792266395655937654553313279 10751052991787841395966561774349216700996314873344363721216546063489204551 12672328383133068532721112800178318032678616268535272293264903813033137916 -382962639383965995558892122825577185 245
2261564242916331941866620800950935700259179388000792266395655937654553313279 13666161997728004203194043326905042892852319779747847904896951473548213077 9769686711247035568728701235352164666410023089276259620679830448372485324 465691314903658683630263501450619939 245
2261564242916331941866620800950935700259179388000792266395655937654553313279 4991248038828597350817771709188364569644618911910077311701219571531582055 15479709520202566283375461659391093731957374180633486665104595894750541912 88384014889506173775278664985960377 245
2261564242916331941866620800950935700259179388000792266395655937654553313279 14060854686197184136577336119410366503886185746943238224637596134735520479 19639138363885318630145998154420443604773604203367256887584253467879047504 305870597602504288429505864248330657 245
2261564242916331941866620800950935700259179388000792266395655937654553313279 17514568138343673234012746247929869912478441946801007810694210463364031937 23194323599771907796065877566492543027540609445121957319755174693923729512 -253663973270100667526498090348715807 245
2261564242916331941866620800950935700259179388000792266395655937654553313279 3981423296025042380686307018573740428523901166741566381895060931599162945 10203368852672294350928890656124099292442805591417594887359208394525497792 -215621063436860144492725913603414463 245
2261564242916331941866620800950935700259179388000792266395655937654553313279 11225027096385200924710979810827489212374183907041676332779946142493203265 21480969120625315512459793189494555082367332480191126878466222733116305496 144496485861367438380181894505439329 245
2261564242916331941866620800950935700259179388000792266395655937654553313279 21506173522907773685344506477200446678669340645079615533802251614482373999 18204440164089859604200723734990237114528007655542881491771613352070648876 431979794464558284056462471808597177 245
2261564242916331941866620800950935700259179388000792266395655937654553313279 3635976723618551692012861314851377666677362576072622866502860962948635673 12755298678246640925212084632989174807729615327035164138178180700162268936 114513959293099861025163845087127353 245
2261564242916331941866620800950935700259179388000792266395655937654553313279 13530975338764893299825471524043264120750333342388868873917347698774734503 7455881032655527479591625897403729629349016062457125414729122344190468764 -482429203247032732841978965056690177 245
2261564242916331941866620800950935700259179388000792266395655937654553313279 21216298196703157961217096514996372458697373610566741309655927639265698625 12482353669264924373975183340403484666292938478288146680391486006987864328 -512325728243729041211663846602015073 245
2261564242916331941866620800950935700259179388000792266395655937654553313279 11869580892095866307432318453942126416218493554334350649929785087714593605 15216685081729206334356475671249750823669687130537779578583323721200632304 363399914119234485886252270369149381 245
2261564242916331941866620800950935700259179388000792266395655937654553313279 11342472213571571483700873506150088260949310674289988115215743439522890615 22516147643788509330240164859907529668783244302991278892087381695558370636 -50047503708566889250573512156061839 245
2261564242916331941866620800950935700259179388000792266395655937654553313279 3838466175108734080293247312876252577381822835631454038513659188417929975 9530492537710725643679623428162822347063414874838792249071486631853523736 222000401833286626080613096313099049 245
2261564242916331941866620800950935700259179388000792266395655937654553313279 18674963894321885184575459222128202233284404774056708006381165582316693095 16966290971484911817048400801810955371810348073004873174240132467547565048 430561721024459384774216400462783303 245
2261564242916331941866620800950935700259179388000792266395655937654553313279 3775328346951892431446762178736344376789989643198524251458176019750817477 1788747983073013059053153487662381779184594205686639999584788625109539524 -294391076624856680699251827038906739 245
2261564242916331941866620800950935700259179388000792266395655937654553313279 23690457015551683916272377758401522592257609737452735341861865593609702597 22214745853244810655911136043825956064778091410001328703155158395588266604 -354807473182540038643954241358509901 245
2261564242916331941866620800950935700259179388000792266395655937654553313279 8411527616567078799555346277890100725561000704726527381652083738806992817 17299317513459481094167982527925380043656949737699114861662919063491640288 216045571189253299573379176194597297 245
2261564242916331941866620800950935700259179388000792266395655937654553313279 8065048603573710141073650881441282172032958044879550045614656642789899511 1921005630098865581333827173781969130476118633742423088592730641942117840 -413803593816034997945146543218408567 245
2261564242916331941866620800950935700259179388000792266395655937654553313279 2519804188349803065173077783688979206348652560980612691715833838204569077 2604232938785376176335192409318910373885087986458301165827585129650504632 239141696103635698211281133025954197 245
2261564242916331941866620800950935700259179388000792266395655937654553313279 22188080724955905717227613019420775238030533436881627163337060271200537555 24892137994306621128311316777740682081736807819478459993112336182028478104 -251073960935659655338613359668305869 245
2261564242916331941866620800950935700259179388000792266395655937654553313279 6540087410880912312063034325650860965401695089526041123663712242342078431 16837778507421697651988608288088216895881723437373867269402531126691791116 -138667950192768797949358043192753225 245
2261564242916331941866620800950935700259179388000792266395655937654553313279 9061018601290206584045083013006138480646155394751255384034652762376136221 4642615573377561741411748382146945445600429180934289713543008260617694080 425078498015614213060802975216895517 245
2261564242916331941866620800950935700259179388000792266395655937654553313279 11910614671246578695411921813050484974215244437684147484378937716877783725 22823603106443466540387617362637414079109196862935113279398915694253060044 68577677710207792352789010420487029 245
2261564242916331941866620800950935700259179388000792266395655937654553313279 19947799650595156210364857792896859872540252553095594275090620734798707635 17858654228310674470123932972041252506130629320524737890779145492872584184 426293064344480616818276368595630829 245
2261564242916331941866620800950935700259179388000792266395655937654553313279 3251913695693678371572100071703501590828606993046417976426956885866034151 12106406088214258824161435832155765201792530221082327262115768457220829816 -108696624297987015583243884589085895 245
2261564242916331941866620800950935700259179388000792266395655937654553313279 14978648396736194696500945273250870728200278263554921034293208180829607757 24424632688153466522883703478034519051568158175494755126947484856749976000 -107132469894708635739271827455738035 245
2261564242916331941866620800950935700259179388000792266395655937654553313279 17112336596573199101078148891012548270579492787207591669625576839353894227 11870009293835992709666356526194217287421818347887888891818919748832573368 485824647070727208392704992373675853 245
2261564242916331941866620800950935700259179388000792266395655937654553313279 10508264195896384807168572672348702055764047385456854114776325107222049801 19923333255692021466086049364467740394668608584509480745942601836183428316 195869998558960593763193565504315855 245
2261564242916331941866620800950935700259179388000792266395655937654553313279 20721283277065036337027521347948864768893239113058865228886904655421507875 3180742782193930245747452871870961332643475687872180466293514794619387916 -568948641647831573102935352734310181 245
2261564242916331941866620800950935700259179388000792266395655937654553313279 11490946969362393260918546396945274748654426322952645297998309626584599929 22069284862531182409065190438991076980768726880376290877798852034095431256 116306569883168817718892693733206937 245
2261564242916331941866620800950935700259179388000792266395655937654553313279 13271366202555992491421741237545832688650745045387703927082076561218227567 23500276608183911614430767178470101692439990166011502126281171004583676744 98537607142540824055449392485277519 245
2261564242916331941866620800950935700259179388000792266395655937654553313279 1795457399806780146032245179003015517654489884178538640278299889833674587 8942959209484858167121901824141474108138154420685874607919551906625872436 -89986977864956350429449665989623981 245
2261564242916331941866620800950935700259179388000792266395655937654553313279 3941688876648400768110724816714035695826993871338820102387008322320073753 2313555521478320374084050428337518660862585621301070752681462474528028604 298840250679632381757227519000380993 245
2261564242916331941866620800950935700259179388000792266395655937654553313279 15999459058660359601369309868231728856749594764076253648558969125042101881 14813890945501565547786822045857116671328245018360147752455776441910393020 -435617871835051447210995894458342817 245
2261564242916331941866620800950935700259179388000792266395655937654553313279 21626037929155172307192980301996679271893285600016546054872834189558303495 22015734103704072749651156026839904197914994729007288303587586002708396404 345740070741127311331475219062983009 245
2261564242916331941866620800950935700259179388000792266395655937654553313279 1814602577831387064904070851719745291106774214410261366278289519054723581 2660280944122625372587533523890890768658950865512532889266462515783962416 -201940082350169010399775919546665085 245
2261564242916331941866620800950935700259179388000792266395655937654553313279 1649594537203696940047692991433659091240547211495420818359857169289930397 8200604069745248727431445350846947299053474963029600992722389776515929516 101492008025856866968643432936931429 245
2261564242916331941866620800950935700259179388000792266395655937654553313279 8269686612824260103274946332356811515970141450608673421721931486840073205 525856794456634365067032159789500877580650931979559223558116002443328424 -419977108613833887555668715257765739 245
2261564242916331941866620800950935700259179388000792266395655937654553313279 11324446633992876769725763274776895152299893675659079541461462811631627113 20015539938847806846691542515122779047087723498555005446005411507927355984 -221950426105155831410450831054160873 245
2261564242916331941866620800950935700259179388000792266395655937654553313279 13192991865357243758043036132588825196937411308054052311928236537205885665 23463106358308481540762770858086507615014484404242374899766694754843498456 -97156034530722028466469839787692031 245
2261564242916331941866620800950935700259179388000792266395655937654553313279 6238395266662329393599016015202722237598251189700634543000433794301246085 10192431701368459715738733716950842746771623924263298101291124862595215712 -304657696322091275457812287088491387 245
2261564242916331941866620800950935700259179388000792266395655937654553313279 22697198338531896829591640095880457286439851730878608416763559075882989107 7898194830401654376418861210280612641139049040964016999109094456703510540 -558619853807819939115840526169722005 245
2261564242916331941866620800950935700259179388000792266395655937654553313279 12383566423244835929667334148677505335432991276467819467938784157195990999 18180068356526996190768402082444680745931316309819594002481812079779934484 -309251575841084806307228204541118353 245
2261564242916331941866620800950935700259179388000792266395655937654553313279 20893029337387066557581359012703807032925661229986477190375355960653460557 27275381973026415591809441857115694576710885836635898542016706455914849504 18902478108750156697059677991706189 245
2261564242916331941866620800950935700259179388000792266395655937654553313279 12756924778282796377616111768801893033639170658331402704789473532470199703 5414865567085573331477586610623840599871515832811086153110201204682311724 483735095360195319960479341941804753 245
2261564242916331941866620800950935700259179388000792266395655937654553313279 27702628044487922055052768175315163503091438256645006489017018795524669347 27030715689597271387812909602279777291930932248092587990198661179088099884 173638154925651074030678098294702629 245
2261564242916331941866620800950935700259179388000792266395655937654553313279 16032743035207187790008811690295860121644557622574364120434842986501250871 19231290278282717862318431581475413406367376826464252070829132682716186084 351603284074403914174924736001935345 245
2261564242916331941866620800950935700259179388000792266395655937654553313279 16658106445361450921036681576722922332025423217981657689748141502213379695 21471171131554591902393752780876359037392809723872345089929698441977090308 299845174350414998071817596260472313 245
2261564242916331941866620800950935700259179388000792266395655937654553313279 4985815441038803494723791606927194778458568503663355293306787270014771215 4753740567087335311033863592292885066336466179512627882092279894528340036 321965061124292006123672220580751961 245
2261564242916331941866620800950935700259179388000792266395655937654553313279 11201519518455927466715144720214910029146234992172442351537520505694999545 17368282118323392896673752766042567791971579952110520043845722627565942916 301947968406536264161323230693372961 245
2261564242916331941866620800950935700259179388000792266395655937654553313279 13060702801765009386382539381054006041938989756548605982033730699505756025 22010947410819323400009354205264921636485110974954268622095110243304344920 -192007361613329469446844106030879335 245
2261564242916331941866620800950935700259179388000792266395655937654553313279 16480198576175696383175806030218037926038584618005611367262948539686579275 22231436399238617061537470983018666549884839544393483547484000185195826420 -270877964386908109660393119824413635 245
2261564242916331941866620800950935700259179388000792266395655937654553313279 4628455853116073798687985333812781324084845796960172212172976112431368567 3327434858322938917858090291873569113376996651572975454757267131701272776 -318344587477520937689764388553652649 245
2261564242916331941866620800950935700259179388000792266395655937654553313279 18382845834681855633097263508074311060279718437698297143865322929859576167 19720571588238595839229541298006055133166348765890920686705381541932180784 371735672541945325094063856811407591 245
2261564242916331941866620800950935700259179388000792266395655937654553313279 24868875170124977878054987535185388456521976785332621570770146430851448331 24179797878052761181574150760807116162270424707220736391245409984559694884 299557215206177851846114791462468675 245
2261564242916331941866620800950935700259179388000792266395655937654553313279 3788505524487989478651714580058095728621604718156050361490439810218708331 7895818729708725305752151931148621822295319057175731534642716647236429300 -246575557887254619247795157862165533 245
2261564242916331941866620800950935700259179388000792266395655937654553313279 5551570769730429350847902110669170804747565077500648467723324886061721735 8958096047467658453554477532833904755805936080583900627696985937739318352 299463493008747323645802269688969223 245
2261564242916331941866620800950935700259179388000792266395655937654553313279 9388181096994947073690699547523674538739639684327419603380287257708409691 11334639279464905305365120492562305334011114693691042989193143810018612460 -372726181746778994073799085662335533 245
2261564242916331941866620800950935700259179388000792266395655937654553313279 3148607504721211317145185701764852475792012819619957034071641531734717285 12806283005869258744742107002582176840246951036344184860617160767143698332 -42603340657330021932459424787399507 245
2261564242916331941866620800950935700259179388000792266395655937654553313279 21199965996528214989681149851271444661471581029445692835753458432887801323 19309190224739048516263143707906334914431531359912426536282198386868321016 407932102928875100505635601212301237 245
2261564242916331941866620800950935700259179388000792266395655937654553313279 7032829508148132394436970879738823189257685979890391498132074942681406137 8300601589964767786180524055638059847158638752573937186163995225163522544 -351404297450192252782859529198952249 245
2261564242916331941866620800950935700259179388000792266395655937654553313279 7291517397821559314027452071387454484569363325209279277015030387635619215 18637704939273222744482539910598345099529463927995006717434395002813893148 72005082298607439390513176443733337 245
2261564242916331941866620800950935700259179388000792266395655937654553313279 10940117557507975719659353966284421990343569129770341902577975876914992135 13592733024905290656515223240454567590377461944818640377679058979736809256 372671920829163830387396612024625639 245
2261564242916331941866620800950935700259179388000792266395655937654553313279 10501400557934587666138888673430719585857153755865577386839657779959102477 21165034333537976503116219993720264498877907527424864198096054155455290964 -125291081938870159846656398408488021 245
2261564242916331941866620800950935700259179388000792266395655937654553313279 9524760215505805880292935623043824022329614915317810384279275489820517799 12691081001598476590997354479443082890968716232007850700752062254830274064 356071552669396577544106780925391143 245
2261564242916331941866620800950935700259179388000792266395655937654553313279 15752407087398313110382632558285040438238580771129298234557064457815730011 16954621027806426011979427085192413338345433391234257954463200111593236620 -396212126292370837000487614522278483 245
2261564242916331941866620800950935700259179388000792266395655937654553313279 22274735227555272074125842620241833379756545882850419715818881739785669787 4565434111903740368940028724199087303753374320443106748501672675654158584 -572941917970200968556014158646284539 245
2261564242916331941866620800950935700259179388000792266395655937654553313279 12368870405843892604015679893272669602295762818274047595493690330319224157 13620821550078889763083801415291152075553100048205468063104130709043663300 399424133211566914785545717895523995 245
2261564242916331941866620800950935700259179388000792266395655937654553313279 7352645930761306604988692657402088877554153427940364233665372084139837275 18693585511504850628228146809221267136790920478933647345389822050179473120 73448700107904209005043006087974235 245
2261564242916331941866620800950935700259179388000792266395655937654553313279 18509894969204644046653768474449571570760667783279168731601296436022725057 3739313669583691967438184040513466157581326851866826405037054161217983336 -552330955115635395110012925993729249 245
2261564242916331941866620800950935700259179388000792266395655937654553313279 19947847557088652473199371672221453028071758361484003928962250244441780801 5532121924860786433531879697839688032938820863604668291335461857047138916 -556072186229757294239127131166895785 245
2261564242916331941866620800950935700259179388000792266395655937654553313279 27779647957990040358620030892269149469483756449601022872106226544022103425 8369674393741643983053060804760536762605132762592465231557898690322048860 567704598383151363089643945406984425 245
