# n [a_1, a_2, ..., a_n]
243 94 62 38 22 13 8 5 2 1 1 1 3 2 1 1 1 1 1 5 3 2 1 1 1 1 1 2 1 1 1 9 5 3 2 1 1 1 1 1 2 1 1 1 4 2 1 1 1 2 1 1 16 9 5 3 2 1 1 1 1 1 2 1 1 1 4 2 1 1 1 2 1 1 7 4 2 1 1 1 2 1 1 3 2 1 1 1 1 24 16 9 5 3 2 1 1 1 1 1 2 1 1 1 4 2 1 1 1 2 1 1 7 4 2 1 1 1 2 1 1 3 2 1 1 1 1 9 6 4 2 1 1 1 2 1 1 2 2 1 1 1 4 2 1 1 1 2 1 1 38 22 13 8 5 3 2 1 1 1 1 1 2 1 1 1 3 2 1 1 1 1 1 5 3 2 1 1 1 1 1 2 1 1 1 9 5 3 2 1 1 1 1 1 2 1 1 1 4 2 1 1 1 2 1 1 16 9 5 3 2 1 1 1 1 1 2 1 1 1 4 2 1 1 1 2 1 1 7 4 2 1 1 1 2 1 1 3 2 1 1 1 1
244 94 63 38 22 13 8 5 2 1 1 1 3 2 1 1 1 1 1 5 3 2 1 1 1 1 1 2 1 1 1 9 5 3 2 1 1 1 1 1 2 1 1 1 4 2 1 1 1 2 1 1 16 9 5 3 2 1 1 1 1 1 2 1 1 1 4 2 1 1 1 2 1 1 7 4 2 1 1 1 2 1 1 3 2 1 1 1 1 25 16 9 5 3 2 1 1 1 1 1 2 1 1 1 4 2 1 1 1 2 1 1 7 4 2 1 1 1 2 1 1 3 2 1 1 1 1 9 7 4 2 1 1 1 2 1 1 3 2 1 1 1 1 4 2 1 1 1 2 1 1 38 22 13 8 5 3 2 1 1 1 1 1 2 1 1 1 3 2 1 1 1 1 1 5 3 2 1 1 1 1 1 2 1 1 1 9 5 3 2 1 1 1 1 1 2 1 1 1 4 2 1 1 1 2 1 1 16 9 5 3 2 1 1 1 1 1 2 1 1 1 4 2 1 1 1 2 1 1 7 4 2 1 1 1 2 1 1 3 2 1 1 1 1
245 94 64 38 22 13 8 5 2 1 1 1 3 2 1 1 1 1 1 5 3 2 1 1 1 1 1 2 1 1 1 9 5 3 2 1 1 1 1 1 2 1 1 1 4 2 1 1 1 2 1 1 16 9 5 3 2 1 1 1 1 1 2 1 1 1 4 2 1 1 1 2 1 1 7 4 2 1 1 1 2 1 1 3 2 1 1 1 1 26 16 9 5 3 2 1 1 1 1 1 2 1 1 1 4 2 1 1 1 2 1 1 7 4 2 1 1 1 2 1 1 3 2 1 1 1 1 10 7 4 2 1 1 1 2 1 1 3 2 1 1 1 1 4 2 2 1 1 1 2 1 1 38 22 13 8 5 3 2 1 1 1 1 1 2 1 1 1 3 2 1 1 1 1 1 5 3 2 1 1 1 1 1 2 1 1 1 9 5 3 2 1 1 1 1 1 2 1 1 1 4 2 1 1 1 2 1 1 16 9 5 3 2 1 1 1 1 1 2 1 1 1 4 2 1 1 1 2 1 1 7 4 2 1 1 1 2 1 1 3 2 1 1 1 1
246 94 65 38 22 13 8 5 2 1 1 1 3 2 1 1 1 1 1 5 3 2 1 1 1 1 1 2 1 1 1 9 5 3 2 1 1 1 1 1 2 1 1 1 4 2 1 1 1 2 1 1 16 9 5 3 2 1 1 1 1 1 2 1 1 1 4 2 1 1 1 2 1 1 7 4 2 1 1 1 2 1 1 3 2 1 1 1 1 27 16 9 5 3 2 1 1 1 1 1 2 1 1 1 4 2 1 1 1 2 1 1 7 4 2 1 1 1 2 1 1 3 2 1 1 1 1 11 7 4 2 1 1 1 2 1 1 3 2 1 1 1 1 4 3 2 1 1 1 1 2 1 1 38 22 13 8 5 3 2 1 1 1 1 1 2 1 1 1 3 2 1 1 1 1 1 5 3 2 1 1 1 1 1 2 1 1 1 9 5 3 2 1 1 1 1 1 2 1 1 1 4 2 1 1 1 2 1 1 16 9 5 3 2 1 1 1 1 1 2 1 1 1 4 2 1 1 1 2 1 1 7 4 2 1 1 1 2 1 1 3 2 1 1 1 1
247 94 66 38 22 13 8 5 2 1 1 1 3 2 1 1 1 1 1 5 3 2 1 1 1 1 1 2 1 1 1 9 5 3 2 1 1 1 1 1 2 1 1 1 4 2 1 1 1 2 1 1 16 9 5 3 2 1 1 1 1 1 2 1 1 1 4 2 1 1 1 2 1 1 7 4 2 1 1 1 2 1 1 3 2 1 1 1 1 28 16 9 5 3 2 1 1 1 1 1 2 1 1 1 4 2 1 1 1 2 1 1 7 4 2 1 1 1 2 1 1 3 2 1 1 1 1 12 7 4 2 1 1 1 2 1 1 3 2 1 1 1 1 5 3 2 1 1 1 1 2 1 1 1 38 22 13 8 5 3 2 1 1 1 1 1 2 1 1 1 3 2 1 1 1 1 1 5 3 2 1 1 1 1 1 2 1 1 1 9 5 3 2 1 1 1 1 1 2 1 1 1 4 2 1 1 1 2 1 1 16 9 5 3 2 1 1 1 1 1 2 1 1 1 4 2 1 1 1 2 1 1 7 4 2 1 1 1 2 1 1 3 2 1 1 1 1
248 95 66 38 22 13 8 5 2 1 1 1 3 2 1 1 1 1 1 5 3 2 1 1 1 1 1 2 1 1 1 9 5 3 2 1 1 1 1 1 2 1 1 1 4 2 1 1 1 2 1 1 16 9 5 3 2 1 1 1 1 1 2 1 1 1 4 2 1 1 1 2 1 1 7 4 2 1 1 1 2 1 1 3 2 1 1 1 1 28 16 9 5 3 2 1 1 1 1 1 2 1 1 1 4 2 1 1 1 2 1 1 7 4 2 1 1 1 2 1 1 3 2 1 1 1 1 12 7 4 2 1 1 1 2 1 1 3 2 1 1 1 1 5 3 2 1 1 1 1 2 1 1 1 38 22 13 9 5 3 2 1 1 1 1 1 2 1 1 1 4 2 1 1 1 2 1 1 5 3 2 1 1 1 1 1 2 1 1 1 9 5 3 2 1 1 1 1 1 2 1 1 1 4 2 1 1 1 2 1 1 16 9 5 3 2 1 1 1 1 1 2 1 1 1 4 2 1 1 1 2 1 1 7 4 2 1 1 1 2 1 1 3 2 1 1 1 1
249 96 66 38 22 13 8 5 2 1 1 1 3 2 1 1 1 1 1 5 3 2 1 1 1 1 1 2 1 1 1 9 5 3 2 1 1 1 1 1 2 1 1 1 4 2 1 1 1 2 1 1 16 9 5 3 2 1 1 1 1 1 2 1 1 1 4 2 1 1 1 2 1 1 7 4 2 1 1 1 2 1 1 3 2 1 1 1 1 28 16 9 5 3 2 1 1 1 1 1 2 1 1 1 4 2 1 1 1 2 1 1 7 4 2 1 1 1 2 1 1 3 2 1 1 1 1 12 7 4 2 1 1 1 2 1 1 3 2 1 1 1 1 5 3 2 1 1 1 1 2 1 1 1 38 22 14 9 5 3 2 1 1 1 1 1 2 1 1 1 4 2 1 1 1 2 1 1 5 4 2 1 1 1 2 1 1 2 1 1 1 9 5 3 2 1 1 1 1 1 2 1 1 1 4 2 1 1 1 2 1 1 16 9 5 3 2 1 1 1 1 1 2 1 1 1 4 2 1 1 1 2 1 1 7 4 2 1 1 1 2 1 1 3 2 1 1 1 1
250 97 66 38 22 13 8 5 2 1 1 1 3 2 1 1 1 1 1 5 3 2 1 1 1 1 1 2 1 1 1 9 5 3 2 1 1 1 1 1 2 1 1 1 4 2 1 1 1 2 1 1 16 9 5 3 2 1 1 1 1 1 2 1 1 1 4 2 1 1 1 2 1 1 7 4 2 1 1 1 2 1 1 3 2 1 1 1 1 28 16 9 5 3 2 1 1 1 1 1 2 1 1 1 4 2 1 1 1 2 1 1 7 4 2 1 1 1 2 1 1 3 2 1 1 1 1 12 7 4 2 1 1 1 2 1 1 3 2 1 1 1 1 5 3 2 1 1 1 1 2 1 1 1 38 22 15 9 5 3 2 1 1 1 1 1 2 1 1 1 4 2 1 1 1 2 1 1 6 4 2 1 1 1 2 1 1 2 2 1 1 1 9 5 3 2 1 1 1 1 1 2 1 1 1 4 2 1 1 1 2 1 1 16 9 5 3 2 1 1 1 1 1 2 1 1 1 4 2 1 1 1 2 1 1 7 4 2 1 1 1 2 1 1 3 2 1 1 1 1
251 98 66 38 22 13 8 5 2 1 1 1 3 2 1 1 1 1 1 5 3 2 1 1 1 1 1 2 1 1 1 9 5 3 2 1 1 1 1 1 2 1 1 1 4 2 1 1 1 2 1 1 16 9 5 3 2 1 1 1 1 1 2 1 1 1 4 2 1 1 1 2 1 1 7 4 2 1 1 1 2 1 1 3 2 1 1 1 1 28 16 9 5 3 2 1 1 1 1 1 2 1 1 1 4 2 1 1 1 2 1 1 7 4 2 1 1 1 2 1 1 3 2 1 1 1 1 12 7 4 2 1 1 1 2 1 1 3 2 1 1 1 1 5 3 2 1 1 1 1 2 1 1 1 38 22 16 9 5 3 2 1 1 1 1 1 2 1 1 1 4 2 1 1 1 2 1 1 7 4 2 1 1 1 2 1 1 3 2 1 1 1 1 9 5 3 2 1 1 1 1 1 2 1 1 1 4 2 1 1 1 2 1 1 16 9 5 3 2 1 1 1 1 1 2 1 1 1 4 2 1 1 1 2 1 1 7 4 2 1 1 1 2 1 1 3 2 1 1 1 1
252 99 66 38 22 13 8 5 2 1 1 1 3 2 1 1 1 1 1 5 3 2 1 1 1 1 1 2 1 1 1 9 5 3 2 1 1 1 1 1 2 1 1 1 4 2 1 1 1 2 1 1 16 9 5 3 2 1 1 1 1 1 2 1 1 1 4 2 1 1 1 2 1 1 7 4 2 1 1 1 2 1 1 3 2 1 1 1 1 28 16 9 5 3 2 1 1 1 1 1 2 1 1 1 4 2 1 1 1 2 1 1 7 4 2 1 1 1 2 1 1 3 2 1 1 1 1 12 7 4 2 1 1 1 2 1 1 3 2 1 1 1 1 5 3 2 1 1 1 1 2 1 1 1 38 23 16 9 5 3 2 1 1 1 1 1 2 1 1 1 4 2 1 1 1 2 1 1 7 4 2 1 1 1 2 1 1 3 2 1 1 1 1 9 5 4 2 1 1 1 2 1 1 2 1 1 1 4 2 1 1 1 2 1 1 16 9 5 3 2 1 1 1 1 1 2 1 1 1 4 2 1 1 1 2 1 1 7 4 2 1 1 1 2 1 1 3 2 1 1 1 1
253 100 66 38 22 13 8 5 2 1 1 1 3 2 1 1 1 1 1 5 3 2 1 1 1 1 1 2 1 1 1 9 5 3 2 1 1 1 1 1 2 1 1 1 4 2 1 1 1 2 1 1 16 9 5 3 2 1 1 1 1 1 2 1 1 1 4 2 1 1 1 2 1 1 7 4 2 1 1 1 2 1 1 3 2 1 1 1 1 28 16 9 5 3 2 1 1 1 1 1 2 1 1 1 4 2 1 1 1 2 1 1 7 4 2 1 1 1 2 1 1 3 2 1 1 1 1 12 7 4 2 1 1 1 2 1 1 3 2 1 1 1 1 5 3 2 1 1 1 1 2 1 1 1 38 24 16 9 5 3 2 1 1 1 1 1 2 1 1 1 4 2 1 1 1 2 1 1 7 4 2 1 1 1 2 1 1 3 2 1 1 1 1 9 6 4 2 1 1 1 2 1 1 2 2 1 1 1 4 2 1 1 1 2 1 1 16 9 5 3 2 1 1 1 1 1 2 1 1 1 4 2 1 1 1 2 1 1 7 4 2 1 1 1 2 1 1 3 2 1 1 1 1
254 101 66 38 22 13 8 5 2 1 1 1 3 2 1 1 1 1 1 5 3 2 1 1 1 1 1 2 1 1 1 9 5 3 2 1 1 1 1 1 2 1 1 1 4 2 1 1 1 2 1 1 16 9 5 3 2 1 1 1 1 1 2 1 1 1 4 2 1 1 1 2 1 1 7 4 2 1 1 1 2 1 1 3 2 1 1 1 1 28 16 9 5 3 2 1 1 1 1 1 2 1 1 1 4 2 1 1 1 2 1 1 7 4 2 1 1 1 2 1 1 3 2 1 1 1 1 12 7 4 2 1 1 1 2 1 1 3 2 1 1 1 1 5 3 2 1 1 1 1 2 1 1 1 38 25 16 9 5 3 2 1 1 1 1 1 2 1 1 1 4 2 1 1 1 2 1 1 7 4 2 1 1 1 2 1 1 3 2 1 1 1 1 9 7 4 2 1 1 1 2 1 1 3 2 1 1 1 1 4 2 1 1 1 2 1 1 16 9 5 3 2 1 1 1 1 1 2 1 1 1 4 2 1 1 1 2 1 1 7 4 2 1 1 1 2 1 1 3 2 1 1 1 1
255 102 66 38 22 13 8 5 2 1 1 1 3 2 1 1 1 1 1 5 3 2 1 1 1 1 1 2 1 1 1 9 5 3 2 1 1 1 1 1 2 1 1 1 4 2 1 1 1 2 1 1 16 9 5 3 2 1 1 1 1 1 2 1 1 1 4 2 1 1 1 2 1 1 7 4 2 1 1 1 2 1 1 3 2 1 1 1 1 28 16 9 5 3 2 1 1 1 1 1 2 1 1 1 4 2 1 1 1 2 1 1 7 4 2 1 1 1 2 1 1 3 2 1 1 1 1 12 7 4 2 1 1 1 2 1 1 3 2 1 1 1 1 5 3 2 1 1 1 1 2 1 1 1 38 26 16 9 5 3 2 1 1 1 1 1 2 1 1 1 4 2 1 1 1 2 1 1 7 4 2 1 1 1 2 1 1 3 2 1 1 1 1 10 7 4 2 1 1 1 2 1 1 3 2 1 1 1 1 4 2 2 1 1 1 2 1 1 16 9 5 3 2 1 1 1 1 1 2 1 1 1 4 2 1 1 1 2 1 1 7 4 2 1 1 1 2 1 1 3 2 1 1 1 1
256 103 66 38 22 13 8 5 2 1 1 1 3 2 1 1 1 1 1 5 3 2 1 1 1 1 1 2 1 1 1 9 5 3 2 1 1 1 1 1 2 1 1 1 4 2 1 1 1 2 1 1 16 9 5 3 2 1 1 1 1 1 2 1 1 1 4 2 1 1 1 2 1 1 7 4 2 1 1 1 2 1 1 3 2 1 1 1 1 28 16 9 5 3 2 1 1 1 1 1 2 1 1 1 4 2 1 1 1 2 1 1 7 4 2 1 1 1 2 1 1 3 2 1 1 1 1 12 7 4 2 1 1 1 2 1 1 3 2 1 1 1 1 5 3 2 1 1 1 1 2 1 1 1 38 27 16 9 5 3 2 1 1 1 1 1 2 1 1 1 4 2 1 1 1 2 1 1 7 4 2 1 1 1 2 1 1 3 2 1 1 1 1 11 7 4 2 1 1 1 2 1 1 3 2 1 1 1 1 4 3 2 1 1 1 1 2 1 1 16 9 5 3 2 1 1 1 1 1 2 1 1 1 4 2 1 1 1 2 1 1 7 4 2 1 1 1 2 1 1 3 2 1 1 1 1
257 104 66 38 22 13 8 5 2 1 1 1 3 2 1 1 1 1 1 5 3 2 1 1 1 1 1 2 1 1 1 9 5 3 2 1 1 1 1 1 2 1 1 1 4 2 1 1 1 2 1 1 16 9 5 3 2 1 1 1 1 1 2 1 1 1 4 2 1 1 1 2 1 1 7 4 2 1 1 1 2 1 1 3 2 1 1 1 1 28 16 9 5 3 2 1 1 1 1 1 2 1 1 1 4 2 1 1 1 2 1 1 7 4 2 1 1 1 2 1 1 3 2 1 1 1 1 12 7 4 2 1 1 1 2 1 1 3 2 1 1 1 1 5 3 2 1 1 1 1 2 1 1 1 38 28 16 9 5 3 2 1 1 1 1 1 2 1 1 1 4 2 1 1 1 2 1 1 7 4 2 1 1 1 2 1 1 3 2 1 1 1 1 12 7 4 2 1 1 1 2 1 1 3 2 1 1 1 1 5 3 2 1 1 1 1 2 1 1 1 16 9 5 3 2 1 1 1 1 1 2 1 1 1 4 2 1 1 1 2 1 1 7 4 2 1 1 1 2 1 1 3 2 1 1 1 1
258 105 66 38 22 13 8 5 2 1 1 1 3 2 1 1 1 1 1 5 3 2 1 1 1 1 1 2 1 1 1 9 5 3 2 1 1 1 1 1 2 1 1 1 4 2 1 1 1 2 1 1 16 9 5 3 2 1 1 1 1 1 2 1 1 1 4 2 1 1 1 2 1 1 7 4 2 1 1 1 2 1 1 3 2 1 1 1 1 28 16 9 5 3 2 1 1 1 1 1 2 1 1 1 4 2 1 1 1 2 1 1 7 4 2 1 1 1 2 1 1 3 2 1 1 1 1 12 7 4 2 1 1 1 2 1 1 3 2 1 1 1 1 5 3 2 1 1 1 1 2 1 1 1 39 28 16 9 5 3 2 1 1 1 1 1 2 1 1 1 4 2 1 1 1 2 1 1 7 4 2 1 1 1 2 1 1 3 2 1 1 1 1 12 7 4 2 1 1 1 2 1 1 3 2 1 1 1 1 5 3 2 1 1 1 1 2 1 1 1 16 9 5 4 2 1 1 1 2 1 1 2 1 1 1 4 2 1 1 1 2 1 1 7 4 2 1 1 1 2 1 1 3 2 1 1 1 1
229 91 56 34 21 13 8 5 2 1 1 1 3 2 1 1 1 1 1 5 3 2 1 1 1 1 1 2 1 1 1 8 5 3 2 1 1 1 1 1 2 1 1 1 3 2 1 1 1 1 1 13 8 5 3 2 1 1 1 1 1 2 1 1 1 3 2 1 1 1 1 1 5 3 2 1 1 1 1 1 2 1 1 1 22 13 8 5 3 2 1 1 1 1 1 2 1 1 1 3 2 1 1 1 1 1 5 3 2 1 1 1 1 1 2 1 1 1 9 5 3 2 1 1 1 1 1 2 1 1 1 4 2 1 1 1 2 1 1 35 22 13 8 5 3 2 1 1 1 1 1 2 1 1 1 3 2 1 1 1 1 1 5 3 2 1 1 1 1 1 2 1 1 1 9 5 3 2 1 1 1 1 1 2 1 1 1 4 2 1 1 1 2 1 1 13 9 5 3 2 1 1 1 1 1 2 1 1 1 4 2 1 1 1 2 1 1 5 3 2 1 1 1 1 1 2 1 1 1
230 92 56 34 21 13 8 5 2 1 1 1 3 2 1 1 1 1 1 5 3 2 1 1 1 1 1 2 1 1 1 8 5 3 2 1 1 1 1 1 2 1 1 1 3 2 1 1 1 1 1 13 8 5 3 2 1 1 1 1 1 2 1 1 1 3 2 1 1 1 1 1 5 3 2 1 1 1 1 1 2 1 1 1 22 13 8 5 3 2 1 1 1 1 1 2 1 1 1 3 2 1 1 1 1 1 5 3 2 1 1 1 1 1 2 1 1 1 9 5 3 2 1 1 1 1 1 2 1 1 1 4 2 1 1 1 2 1 1 36 22 13 8 5 3 2 1 1 1 1 1 2 1 1 1 3 2 1 1 1 1 1 5 3 2 1 1 1 1 1 2 1 1 1 9 5 3 2 1 1 1 1 1 2 1 1 1 4 2 1 1 1 2 1 1 14 9 5 3 2 1 1 1 1 1 2 1 1 1 4 2 1 1 1 2 1 1 5 4 2 1 1 1 2 1 1 2 1 1 1
231 93 56 34 21 13 8 5 2 1 1 1 3 2 1 1 1 1 1 5 3 2 1 1 1 1 1 2 1 1 1 8 5 3 2 1 1 1 1 1 2 1 1 1 3 2 1 1 1 1 1 13 8 5 3 2 1 1 1 1 1 2 1 1 1 3 2 1 1 1 1 1 5 3 2 1 1 1 1 1 2 1 1 1 22 13 8 5 3 2 1 1 1 1 1 2 1 1 1 3 2 1 1 1 1 1 5 3 2 1 1 1 1 1 2 1 1 1 9 5 3 2 1 1 1 1 1 2 1 1 1 4 2 1 1 1 2 1 1 37 22 13 8 5 3 2 1 1 1 1 1 2 1 1 1 3 2 1 1 1 1 1 5 3 2 1 1 1 1 1 2 1 1 1 9 5 3 2 1 1 1 1 1 2 1 1 1 4 2 1 1 1 2 1 1 15 9 5 3 2 1 1 1 1 1 2 1 1 1 4 2 1 1 1 2 1 1 6 4 2 1 1 1 2 1 1 2 2 1 1 1
232 94 56 34 21 13 8 5 2 1 1 1 3 2 1 1 1 1 1 5 3 2 1 1 1 1 1 2 1 1 1 8 5 3 2 1 1 1 1 1 2 1 1 1 3 2 1 1 1 1 1 13 8 5 3 2 1 1 1 1 1 2 1 1 1 3 2 1 1 1 1 1 5 3 2 1 1 1 1 1 2 1 1 1 22 13 8 5 3 2 1 1 1 1 1 2 1 1 1 3 2 1 1 1 1 1 5 3 2 1 1 1 1 1 2 1 1 1 9 5 3 2 1 1 1 1 1 2 1 1 1 4 2 1 1 1 2 1 1 38 22 13 8 5 3 2 1 1 1 1 1 2 1 1 1 3 2 1 1 1 1 1 5 3 2 1 1 1 1 1 2 1 1 1 9 5 3 2 1 1 1 1 1 2 1 1 1 4 2 1 1 1 2 1 1 16 9 5 3 2 1 1 1 1 1 2 1 1 1 4 2 1 1 1 2 1 1 7 4 2 1 1 1 2 1 1 3 2 1 1 1 1
233 94 56 34 22 13 8 5 2 1 1 1 3 2 1 1 1 1 1 5 3 2 1 1 1 1 1 2 1 1 1 9 5 3 2 1 1 1 1 1 2 1 1 1 4 2 1 1 1 2 1 1 13 8 5 3 2 1 1 1 1 1 2 1 1 1 3 2 1 1 1 1 1 5 3 2 1 1 1 1 1 2 1 1 1 22 13 8 5 3 2 1 1 1 1 1 2 1 1 1 3 2 1 1 1 1 1 5 3 2 1 1 1 1 1 2 1 1 1 9 5 3 2 1 1 1 1 1 2 1 1 1 4 2 1 1 1 2 1 1 38 22 13 8 5 3 2 1 1 1 1 1 2 1 1 1 3 2 1 1 1 1 1 5 3 2 1 1 1 1 1 2 1 1 1 9 5 3 2 1 1 1 1 1 2 1 1 1 4 2 1 1 1 2 1 1 16 9 5 3 2 1 1 1 1 1 2 1 1 1 4 2 1 1 1 2 1 1 7 4 2 1 1 1 2 1 1 3 2 1 1 1 1
234 94 56 35 22 13 8 5 2 1 1 1 3 2 1 1 1 1 1 5 3 2 1 1 1 1 1 2 1 1 1 9 5 3 2 1 1 1 1 1 2 1 1 1 4 2 1 1 1 2 1 1 13 9 5 3 2 1 1 1 1 1 2 1 1 1 4 2 1 1 1 2 1 1 5 3 2 1 1 1 1 1 2 1 1 1 22 13 8 5 3 2 1 1 1 1 1 2 1 1 1 3 2 1 1 1 1 1 5 3 2 1 1 1 1 1 2 1 1 1 9 5 3 2 1 1 1 1 1 2 1 1 1 4 2 1 1 1 2 1 1 38 22 13 8 5 3 2 1 1 1 1 1 2 1 1 1 3 2 1 1 1 1 1 5 3 2 1 1 1 1 1 2 1 1 1 9 5 3 2 1 1 1 1 1 2 1 1 1 4 2 1 1 1 2 1 1 16 9 5 3 2 1 1 1 1 1 2 1 1 1 4 2 1 1 1 2 1 1 7 4 2 1 1 1 2 1 1 3 2 1 1 1 1
235 94 56 36 22 13 8 5 2 1 1 1 3 2 1 1 1 1 1 5 3 2 1 1 1 1 1 2 1 1 1 9 5 3 2 1 1 1 1 1 2 1 1 1 4 2 1 1 1 2 1 1 14 9 5 3 2 1 1 1 1 1 2 1 1 1 4 2 1 1 1 2 1 1 5 4 2 1 1 1 2 1 1 2 1 1 1 22 13 8 5 3 2 1 1 1 1 1 2 1 1 1 3 2 1 1 1 1 1 5 3 2 1 1 1 1 1 2 1 1 1 9 5 3 2 1 1 1 1 1 2 1 1 1 4 2 1 1 1 2 1 1 38 22 13 8 5 3 2 1 1 1 1 1 2 1 1 1 3 2 1 1 1 1 1 5 3 2 1 1 1 1 1 2 1 1 1 9 5 3 2 1 1 1 1 1 2 1 1 1 4 2 1 1 1 2 1 1 16 9 5 3 2 1 1 1 1 1 2 1 1 1 4 2 1 1 1 2 1 1 7 4 2 1 1 1 2 1 1 3 2 1 1 1 1
236 94 56 37 22 13 8 5 2 1 1 1 3 2 1 1 1 1 1 5 3 2 1 1 1 1 1 2 1 1 1 9 5 3 2 1 1 1 1 1 2 1 1 1 4 2 1 1 1 2 1 1 15 9 5 3 2 1 1 1 1 1 2 1 1 1 4 2 1 1 1 2 1 1 6 4 2 1 1 1 2 1 1 2 2 1 1 1 22 13 8 5 3 2 1 1 1 1 1 2 1 1 1 3 2 1 1 1 1 1 5 3 2 1 1 1 1 1 2 1 1 1 9 5 3 2 1 1 1 1 1 2 1 1 1 4 2 1 1 1 2 1 1 38 22 13 8 5 3 2 1 1 1 1 1 2 1 1 1 3 2 1 1 1 1 1 5 3 2 1 1 1 1 1 2 1 1 1 9 5 3 2 1 1 1 1 1 2 1 1 1 4 2 1 1 1 2 1 1 16 9 5 3 2 1 1 1 1 1 2 1 1 1 4 2 1 1 1 2 1 1 7 4 2 1 1 1 2 1 1 3 2 1 1 1 1
237 94 56 38 22 13 8 5 2 1 1 1 3 2 1 1 1 1 1 5 3 2 1 1 1 1 1 2 1 1 1 9 5 3 2 1 1 1 1 1 2 1 1 1 4 2 1 1 1 2 1 1 16 9 5 3 2 1 1 1 1 1 2 1 1 1 4 2 1 1 1 2 1 1 7 4 2 1 1 1 2 1 1 3 2 1 1 1 1 22 13 8 5 3 2 1 1 1 1 1 2 1 1 1 3 2 1 1 1 1 1 5 3 2 1 1 1 1 1 2 1 1 1 9 5 3 2 1 1 1 1 1 2 1 1 1 4 2 1 1 1 2 1 1 38 22 13 8 5 3 2 1 1 1 1 1 2 1 1 1 3 2 1 1 1 1 1 5 3 2 1 1 1 1 1 2 1 1 1 9 5 3 2 1 1 1 1 1 2 1 1 1 4 2 1 1 1 2 1 1 16 9 5 3 2 1 1 1 1 1 2 1 1 1 4 2 1 1 1 2 1 1 7 4 2 1 1 1 2 1 1 3 2 1 1 1 1
238 94 57 38 22 13 8 5 2 1 1 1 3 2 1 1 1 1 1 5 3 2 1 1 1 1 1 2 1 1 1 9 5 3 2 1 1 1 1 1 2 1 1 1 4 2 1 1 1 2 1 1 16 9 5 3 2 1 1 1 1 1 2 1 1 1 4 2 1 1 1 2 1 1 7 4 2 1 1 1 2 1 1 3 2 1 1 1 1 22 13 9 5 3 2 1 1 1 1 1 2 1 1 1 4 2 1 1 1 2 1 1 5 3 2 1 1 1 1 1 2 1 1 1 9 5 3 2 1 1 1 1 1 2 1 1 1 4 2 1 1 1 2 1 1 38 22 13 8 5 3 2 1 1 1 1 1 2 1 1 1 3 2 1 1 1 1 1 5 3 2 1 1 1 1 1 2 1 1 1 9 5 3 2 1 1 1 1 1 2 1 1 1 4 2 1 1 1 2 1 1 16 9 5 3 2 1 1 1 1 1 2 1 1 1 4 2 1 1 1 2 1 1 7 4 2 1 1 1 2 1 1 3 2 1 1 1 1
239 94 58 38 22 13 8 5 2 1 1 1 3 2 1 1 1 1 1 5 3 2 1 1 1 1 1 2 1 1 1 9 5 3 2 1 1 1 1 1 2 1 1 1 4 2 1 1 1 2 1 1 16 9 5 3 2 1 1 1 1 1 2 1 1 1 4 2 1 1 1 2 1 1 7 4 2 1 1 1 2 1 1 3 2 1 1 1 1 22 14 9 5 3 2 1 1 1 1 1 2 1 1 1 4 2 1 1 1 2 1 1 5 4 2 1 1 1 2 1 1 2 1 1 1 9 5 3 2 1 1 1 1 1 2 1 1 1 4 2 1 1 1 2 1 1 38 22 13 8 5 3 2 1 1 1 1 1 2 1 1 1 3 2 1 1 1 1 1 5 3 2 1 1 1 1 1 2 1 1 1 9 5 3 2 1 1 1 1 1 2 1 1 1 4 2 1 1 1 2 1 1 16 9 5 3 2 1 1 1 1 1 2 1 1 1 4 2 1 1 1 2 1 1 7 4 2 1 1 1 2 1 1 3 2 1 1 1 1
240 94 59 38 22 13 8 5 2 1 1 1 3 2 1 1 1 1 1 5 3 2 1 1 1 1 1 2 1 1 1 9 5 3 2 1 1 1 1 1 2 1 1 1 4 2 1 1 1 2 1 1 16 9 5 3 2 1 1 1 1 1 2 1 1 1 4 2 1 1 1 2 1 1 7 4 2 1 1 1 2 1 1 3 2 1 1 1 1 22 15 9 5 3 2 1 1 1 1 1 2 1 1 1 4 2 1 1 1 2 1 1 6 4 2 1 1 1 2 1 1 2 2 1 1 1 9 5 3 2 1 1 1 1 1 2 1 1 1 4 2 1 1 1 2 1 1 38 22 13 8 5 3 2 1 1 1 1 1 2 1 1 1 3 2 1 1 1 1 1 5 3 2 1 1 1 1 1 2 1 1 1 9 5 3 2 1 1 1 1 1 2 1 1 1 4 2 1 1 1 2 1 1 16 9 5 3 2 1 1 1 1 1 2 1 1 1 4 2 1 1 1 2 1 1 7 4 2 1 1 1 2 1 1 3 2 1 1 1 1
241 94 60 38 22 13 8 5 2 1 1 1 3 2 1 1 1 1 1 5 3 2 1 1 1 1 1 2 1 1 1 9 5 3 2 1 1 1 1 1 2 1 1 1 4 2 1 1 1 2 1 1 16 9 5 3 2 1 1 1 1 1 2 1 1 1 4 2 1 1 1 2 1 1 7 4 2 1 1 1 2 1 1 3 2 1 1 1 1 22 16 9 5 3 2 1 1 1 1 1 2 1 1 1 4 2 1 1 1 2 1 1 7 4 2 1 1 1 2 1 1 3 2 1 1 1 1 9 5 3 2 1 1 1 1 1 2 1 1 1 4 2 1 1 1 2 1 1 38 22 13 8 5 3 2 1 1 1 1 1 2 1 1 1 3 2 1 1 1 1 1 5 3 2 1 1 1 1 1 2 1 1 1 9 5 3 2 1 1 1 1 1 2 1 1 1 4 2 1 1 1 2 1 1 16 9 5 3 2 1 1 1 1 1 2 1 1 1 4 2 1 1 1 2 1 1 7 4 2 1 1 1 2 1 1 3 2 1 1 1 1
242 94 61 38 22 13 8 5 2 1 1 1 3 2 1 1 1 1 1 5 3 2 1 1 1 1 1 2 1 1 1 9 5 3 2 1 1 1 1 1 2 1 1 1 4 2 1 1 1 2 1 1 16 9 5 3 2 1 1 1 1 1 2 1 1 1 4 2 1 1 1 2 1 1 7 4 2 1 1 1 2 1 1 3 2 1 1 1 1 23 16 9 5 3 2 1 1 1 1 1 2 1 1 1 4 2 1 1 1 2 1 1 7 4 2 1 1 1 2 1 1 3 2 1 1 1 1 9 5 4 2 1 1 1 2 1 1 2 1 1 1 4 2 1 1 1 2 1 1 38 22 13 8 5 3 2 1 1 1 1 1 2 1 1 1 3 2 1 1 1 1 1 5 3 2 1 1 1 1 1 2 1 1 1 9 5 3 2 1 1 1 1 1 2 1 1 1 4 2 1 1 1 2 1 1 16 9 5 3 2 1 1 1 1 1 2 1 1 1 4 2 1 1 1 2 1 1 7 4 2 1 1 1 2 1 1 3 2 1 1 1 1
