# n [a_1, a_2, ..., a_n]
623 239 152 94 56 34 21 13 8 5 2 1 1 1 3 2 1 1 1 1 1 5 3 2 1 1 1 1 1 2 1 1 1 8 5 3 2 1 1 1 1 1 2 1 1 1 3 2 1 1 1 1 1 13 8 5 3 2 1 1 1 1 1 2 1 1 1 3 2 1 1 1 1 1 5 3 2 1 1 1 1 1 2 1 1 1 22 13 8 5 3 2 1 1 1 1 1 2 1 1 1 3 2 1 1 1 1 1 5 3 2 1 1 1 1 1 2 1 1 1 9 5 3 2 1 1 1 1 1 2 1 1 1 4 2 1 1 1 2 1 1 38 22 13 8 5 3 2 1 1 1 1 1 2 1 1 1 3 2 1 1 1 1 1 5 3 2 1 1 1 1 1 2 1 1 1 9 5 3 2 1 1 1 1 1 2 1 1 1 4 2 1 1 1 2 1 1 16 9 5 3 2 1 1 1 1 1 2 1 1 1 4 2 1 1 1 2 1 1 7 4 2 1 1 1 2 1 1 3 2 1 1 1 1 58 38 22 13 8 5 3 2 1 1 1 1 1 2 1 1 1 3 2 1 1 1 1 1 5 3 2 1 1 1 1 1 2 1 1 1 9 5 3 2 1 1 1 1 1 2 1 1 1 4 2 1 1 1 2 1 1 16 9 5 3 2 1 1 1 1 1 2 1 1 1 4 2 1 1 1 2 1 1 7 4 2 1 1 1 2 1 1 3 2 1 1 1 1 22 14 9 5 3 2 1 1 1 1 1 2 1 1 1 4 2 1 1 1 2 1 1 5 4 2 1 1 1 2 1 1 2 1 1 1 9 5 3 2 1 1 1 1 1 2 1 1 1 4 2 1 1 1 2 1 1 94 56 34 21 13 8 5 3 2 1 1 1 1 1 2 1 1 1 3 2 1 1 1 1 1 5 3 2 1 1 1 1 1 2 1 1 1 8 5 3 2 1 1 1 1 1 2 1 1 1 3 2 1 1 1 1 1 13 8 5 3 2 1 1 1 1 1 2 1 1 1 3 2 1 1 1 1 1 5 3 2 1 1 1 1 1 2 1 1 1 22 13 8 5 3 2 1 1 1 1 1 2 1 1 1 3 2 1 1 1 1 1 5 3 2 1 1 1 1 1 2 1 1 1 9 5 3 2 1 1 1 1 1 2 1 1 1 4 2 1 1 1 2 1 1 38 22 13 8 5 3 2 1 1 1 1 1 2 1 1 1 3 2 1 1 1 1 1 5 3 2 1 1 1 1 1 2 1 1 1 9 5 3 2 1 1 1 1 1 2 1 1 1 4 2 1 1 1 2 1 1 16 9 5 3 2 1 1 1 1 1 2 1 1 1 4 2 1 1 1 2 1 1 7 4 2 1 1 1 2 1 1 3 2 1 1 1 1
624 239 153 94 56 34 21 13 8 5 2 1 1 1 3 2 1 1 1 1 1 5 3 2 1 1 1 1 1 2 1 1 1 8 5 3 2 1 1 1 1 1 2 1 1 1 3 2 1 1 1 1 1 13 8 5 3 2 1 1 1 1 1 2 1 1 1 3 2 1 1 1 1 1 5 3 2 1 1 1 1 1 2 1 1 1 22 13 8 5 3 2 1 1 1 1 1 2 1 1 1 3 2 1 1 1 1 1 5 3 2 1 1 1 1 1 2 1 1 1 9 5 3 2 1 1 1 1 1 2 1 1 1 4 2 1 1 1 2 1 1 38 22 13 8 5 3 2 1 1 1 1 1 2 1 1 1 3 2 1 1 1 1 1 5 3 2 1 1 1 1 1 2 1 1 1 9 5 3 2 1 1 1 1 1 2 1 1 1 4 2 1 1 1 2 1 1 16 9 5 3 2 1 1 1 1 1 2 1 1 1 4 2 1 1 1 2 1 1 7 4 2 1 1 1 2 1 1 3 2 1 1 1 1 59 38 22 13 8 5 3 2 1 1 1 1 1 2 1 1 1 3 2 1 1 1 1 1 5 3 2 1 1 1 1 1 2 1 1 1 9 5 3 2 1 1 1 1 1 2 1 1 1 4 2 1 1 1 2 1 1 16 9 5 3 2 1 1 1 1 1 2 1 1 1 4 2 1 1 1 2 1 1 7 4 2 1 1 1 2 1 1 3 2 1 1 1 1 22 15 9 5 3 2 1 1 1 1 1 2 1 1 1 4 2 1 1 1 2 1 1 6 4 2 1 1 1 2 1 1 2 2 1 1 1 9 5 3 2 1 1 1 1 1 2 1 1 1 4 2 1 1 1 2 1 1 94 56 34 21 13 8 5 3 2 1 1 1 1 1 2 1 1 1 3 2 1 1 1 1 1 5 3 2 1 1 1 1 1 2 1 1 1 8 5 3 2 1 1 1 1 1 2 1 1 1 3 2 1 1 1 1 1 13 8 5 3 2 1 1 1 1 1 2 1 1 1 3 2 1 1 1 1 1 5 3 2 1 1 1 1 1 2 1 1 1 22 13 8 5 3 2 1 1 1 1 1 2 1 1 1 3 2 1 1 1 1 1 5 3 2 1 1 1 1 1 2 1 1 1 9 5 3 2 1 1 1 1 1 2 1 1 1 4 2 1 1 1 2 1 1 38 22 13 8 5 3 2 1 1 1 1 1 2 1 1 1 3 2 1 1 1 1 1 5 3 2 1 1 1 1 1 2 1 1 1 9 5 3 2 1 1 1 1 1 2 1 1 1 4 2 1 1 1 2 1 1 16 9 5 3 2 1 1 1 1 1 2 1 1 1 4 2 1 1 1 2 1 1 7 4 2 1 1 1 2 1 1 3 2 1 1 1 1
625 239 154 94 56 34 21 13 8 5 2 1 1 1 3 2 1 1 1 1 1 5 3 2 1 1 1 1 1 2 1 1 1 8 5 3 2 1 1 1 1 1 2 1 1 1 3 2 1 1 1 1 1 13 8 5 3 2 1 1 1 1 1 2 1 1 1 3 2 1 1 1 1 1 5 3 2 1 1 1 1 1 2 1 1 1 22 13 8 5 3 2 1 1 1 1 1 2 1 1 1 3 2 1 1 1 1 1 5 3 2 1 1 1 1 1 2 1 1 1 9 5 3 2 1 1 1 1 1 2 1 1 1 4 2 1 1 1 2 1 1 38 22 13 8 5 3 2 1 1 1 1 1 2 1 1 1 3 2 1 1 1 1 1 5 3 2 1 1 1 1 1 2 1 1 1 9 5 3 2 1 1 1 1 1 2 1 1 1 4 2 1 1 1 2 1 1 16 9 5 3 2 1 1 1 1 1 2 1 1 1 4 2 1 1 1 2 1 1 7 4 2 1 1 1 2 1 1 3 2 1 1 1 1 60 38 22 13 8 5 3 2 1 1 1 1 1 2 1 1 1 3 2 1 1 1 1 1 5 3 2 1 1 1 1 1 2 1 1 1 9 5 3 2 1 1 1 1 1 2 1 1 1 4 2 1 1 1 2 1 1 16 9 5 3 2 1 1 1 1 1 2 1 1 1 4 2 1 1 1 2 1 1 7 4 2 1 1 1 2 1 1 3 2 1 1 1 1 22 16 9 5 3 2 1 1 1 1 1 2 1 1 1 4 2 1 1 1 2 1 1 7 4 2 1 1 1 2 1 1 3 2 1 1 1 1 9 5 3 2 1 1 1 1 1 2 1 1 1 4 2 1 1 1 2 1 1 94 56 34 21 13 8 5 3 2 1 1 1 1 1 2 1 1 1 3 2 1 1 1 1 1 5 3 2 1 1 1 1 1 2 1 1 1 8 5 3 2 1 1 1 1 1 2 1 1 1 3 2 1 1 1 1 1 13 8 5 3 2 1 1 1 1 1 2 1 1 1 3 2 1 1 1 1 1 5 3 2 1 1 1 1 1 2 1 1 1 22 13 8 5 3 2 1 1 1 1 1 2 1 1 1 3 2 1 1 1 1 1 5 3 2 1 1 1 1 1 2 1 1 1 9 5 3 2 1 1 1 1 1 2 1 1 1 4 2 1 1 1 2 1 1 38 22 13 8 5 3 2 1 1 1 1 1 2 1 1 1 3 2 1 1 1 1 1 5 3 2 1 1 1 1 1 2 1 1 1 9 5 3 2 1 1 1 1 1 2 1 1 1 4 2 1 1 1 2 1 1 16 9 5 3 2 1 1 1 1 1 2 1 1 1 4 2 1 1 1 2 1 1 7 4 2 1 1 1 2 1 1 3 2 1 1 1 1
626 239 155 94 56 34 21 13 8 5 2 1 1 1 3 2 1 1 1 1 1 5 3 2 1 1 1 1 1 2 1 1 1 8 5 3 2 1 1 1 1 1 2 1 1 1 3 2 1 1 1 1 1 13 8 5 3 2 1 1 1 1 1 2 1 1 1 3 2 1 1 1 1 1 5 3 2 1 1 1 1 1 2 1 1 1 22 13 8 5 3 2 1 1 1 1 1 2 1 1 1 3 2 1 1 1 1 1 5 3 2 1 1 1 1 1 2 1 1 1 9 5 3 2 1 1 1 1 1 2 1 1 1 4 2 1 1 1 2 1 1 38 22 13 8 5 3 2 1 1 1 1 1 2 1 1 1 3 2 1 1 1 1 1 5 3 2 1 1 1 1 1 2 1 1 1 9 5 3 2 1 1 1 1 1 2 1 1 1 4 2 1 1 1 2 1 1 16 9 5 3 2 1 1 1 1 1 2 1 1 1 4 2 1 1 1 2 1 1 7 4 2 1 1 1 2 1 1 3 2 1 1 1 1 61 38 22 13 8 5 3 2 1 1 1 1 1 2 1 1 1 3 2 1 1 1 1 1 5 3 2 1 1 1 1 1 2 1 1 1 9 5 3 2 1 1 1 1 1 2 1 1 1 4 2 1 1 1 2 1 1 16 9 5 3 2 1 1 1 1 1 2 1 1 1 4 2 1 1 1 2 1 1 7 4 2 1 1 1 2 1 1 3 2 1 1 1 1 23 16 9 5 3 2 1 1 1 1 1 2 1 1 1 4 2 1 1 1 2 1 1 7 4 2 1 1 1 2 1 1 3 2 1 1 1 1 9 5 4 2 1 1 1 2 1 1 2 1 1 1 4 2 1 1 1 2 1 1 94 56 34 21 13 8 5 3 2 1 1 1 1 1 2 1 1 1 3 2 1 1 1 1 1 5 3 2 1 1 1 1 1 2 1 1 1 8 5 3 2 1 1 1 1 1 2 1 1 1 3 2 1 1 1 1 1 13 8 5 3 2 1 1 1 1 1 2 1 1 1 3 2 1 1 1 1 1 5 3 2 1 1 1 1 1 2 1 1 1 22 13 8 5 3 2 1 1 1 1 1 2 1 1 1 3 2 1 1 1 1 1 5 3 2 1 1 1 1 1 2 1 1 1 9 5 3 2 1 1 1 1 1 2 1 1 1 4 2 1 1 1 2 1 1 38 22 13 8 5 3 2 1 1 1 1 1 2 1 1 1 3 2 1 1 1 1 1 5 3 2 1 1 1 1 1 2 1 1 1 9 5 3 2 1 1 1 1 1 2 1 1 1 4 2 1 1 1 2 1 1 16 9 5 3 2 1 1 1 1 1 2 1 1 1 4 2 1 1 1 2 1 1 7 4 2 1 1 1 2 1 1 3 2 1 1 1 1
627 239 156 94 56 34 21 13 8 5 2 1 1 1 3 2 1 1 1 1 1 5 3 2 1 1 1 1 1 2 1 1 1 8 5 3 2 1 1 1 1 1 2 1 1 1 3 2 1 1 1 1 1 13 8 5 3 2 1 1 1 1 1 2 1 1 1 3 2 1 1 1 1 1 5 3 2 1 1 1 1 1 2 1 1 1 22 13 8 5 3 2 1 1 1 1 1 2 1 1 1 3 2 1 1 1 1 1 5 3 2 1 1 1 1 1 2 1 1 1 9 5 3 2 1 1 1 1 1 2 1 1 1 4 2 1 1 1 2 1 1 38 22 13 8 5 3 2 1 1 1 1 1 2 1 1 1 3 2 1 1 1 1 1 5 3 2 1 1 1 1 1 2 1 1 1 9 5 3 2 1 1 1 1 1 2 1 1 1 4 2 1 1 1 2 1 1 16 9 5 3 2 1 1 1 1 1 2 1 1 1 4 2 1 1 1 2 1 1 7 4 2 1 1 1 2 1 1 3 2 1 1 1 1 62 38 22 13 8 5 3 2 1 1 1 1 1 2 1 1 1 3 2 1 1 1 1 1 5 3 2 1 1 1 1 1 2 1 1 1 9 5 3 2 1 1 1 1 1 2 1 1 1 4 2 1 1 1 2 1 1 16 9 5 3 2 1 1 1 1 1 2 1 1 1 4 2 1 1 1 2 1 1 7 4 2 1 1 1 2 1 1 3 2 1 1 1 1 24 16 9 5 3 2 1 1 1 1 1 2 1 1 1 4 2 1 1 1 2 1 1 7 4 2 1 1 1 2 1 1 3 2 1 1 1 1 9 6 4 2 1 1 1 2 1 1 2 2 1 1 1 4 2 1 1 1 2 1 1 94 56 34 21 13 8 5 3 2 1 1 1 1 1 2 1 1 1 3 2 1 1 1 1 1 5 3 2 1 1 1 1 1 2 1 1 1 8 5 3 2 1 1 1 1 1 2 1 1 1 3 2 1 1 1 1 1 13 8 5 3 2 1 1 1 1 1 2 1 1 1 3 2 1 1 1 1 1 5 3 2 1 1 1 1 1 2 1 1 1 22 13 8 5 3 2 1 1 1 1 1 2 1 1 1 3 2 1 1 1 1 1 5 3 2 1 1 1 1 1 2 1 1 1 9 5 3 2 1 1 1 1 1 2 1 1 1 4 2 1 1 1 2 1 1 38 22 13 8 5 3 2 1 1 1 1 1 2 1 1 1 3 2 1 1 1 1 1 5 3 2 1 1 1 1 1 2 1 1 1 9 5 3 2 1 1 1 1 1 2 1 1 1 4 2 1 1 1 2 1 1 16 9 5 3 2 1 1 1 1 1 2 1 1 1 4 2 1 1 1 2 1 1 7 4 2 1 1 1 2 1 1 3 2 1 1 1 1
628 239 157 94 56 34 21 13 8 5 2 1 1 1 3 2 1 1 1 1 1 5 3 2 1 1 1 1 1 2 1 1 1 8 5 3 2 1 1 1 1 1 2 1 1 1 3 2 1 1 1 1 1 13 8 5 3 2 1 1 1 1 1 2 1 1 1 3 2 1 1 1 1 1 5 3 2 1 1 1 1 1 2 1 1 1 22 13 8 5 3 2 1 1 1 1 1 2 1 1 1 3 2 1 1 1 1 1 5 3 2 1 1 1 1 1 2 1 1 1 9 5 3 2 1 1 1 1 1 2 1 1 1 4 2 1 1 1 2 1 1 38 22 13 8 5 3 2 1 1 1 1 1 2 1 1 1 3 2 1 1 1 1 1 5 3 2 1 1 1 1 1 2 1 1 1 9 5 3 2 1 1 1 1 1 2 1 1 1 4 2 1 1 1 2 1 1 16 9 5 3 2 1 1 1 1 1 2 1 1 1 4 2 1 1 1 2 1 1 7 4 2 1 1 1 2 1 1 3 2 1 1 1 1 63 38 22 13 8 5 3 2 1 1 1 1 1 2 1 1 1 3 2 1 1 1 1 1 5 3 2 1 1 1 1 1 2 1 1 1 9 5 3 2 1 1 1 1 1 2 1 1 1 4 2 1 1 1 2 1 1 16 9 5 3 2 1 1 1 1 1 2 1 1 1 4 2 1 1 1 2 1 1 7 4 2 1 1 1 2 1 1 3 2 1 1 1 1 25 16 9 5 3 2 1 1 1 1 1 2 1 1 1 4 2 1 1 1 2 1 1 7 4 2 1 1 1 2 1 1 3 2 1 1 1 1 9 7 4 2 1 1 1 2 1 1 3 2 1 1 1 1 4 2 1 1 1 2 1 1 94 56 34 21 13 8 5 3 2 1 1 1 1 1 2 1 1 1 3 2 1 1 1 1 1 5 3 2 1 1 1 1 1 2 1 1 1 8 5 3 2 1 1 1 1 1 2 1 1 1 3 2 1 1 1 1 1 13 8 5 3 2 1 1 1 1 1 2 1 1 1 3 2 1 1 1 1 1 5 3 2 1 1 1 1 1 2 1 1 1 22 13 8 5 3 2 1 1 1 1 1 2 1 1 1 3 2 1 1 1 1 1 5 3 2 1 1 1 1 1 2 1 1 1 9 5 3 2 1 1 1 1 1 2 1 1 1 4 2 1 1 1 2 1 1 38 22 13 8 5 3 2 1 1 1 1 1 2 1 1 1 3 2 1 1 1 1 1 5 3 2 1 1 1 1 1 2 1 1 1 9 5 3 2 1 1 1 1 1 2 1 1 1 4 2 1 1 1 2 1 1 16 9 5 3 2 1 1 1 1 1 2 1 1 1 4 2 1 1 1 2 1 1 7 4 2 1 1 1 2 1 1 3 2 1 1 1 1
629 239 158 94 56 34 21 13 8 5 2 1 1 1 3 2 1 1 1 1 1 5 3 2 1 1 1 1 1 2 1 1 1 8 5 3 2 1 1 1 1 1 2 1 1 1 3 2 1 1 1 1 1 13 8 5 3 2 1 1 1 1 1 2 1 1 1 3 2 1 1 1 1 1 5 3 2 1 1 1 1 1 2 1 1 1 22 13 8 5 3 2 1 1 1 1 1 2 1 1 1 3 2 1 1 1 1 1 5 3 2 1 1 1 1 1 2 1 1 1 9 5 3 2 1 1 1 1 1 2 1 1 1 4 2 1 1 1 2 1 1 38 22 13 8 5 3 2 1 1 1 1 1 2 1 1 1 3 2 1 1 1 1 1 5 3 2 1 1 1 1 1 2 1 1 1 9 5 3 2 1 1 1 1 1 2 1 1 1 4 2 1 1 1 2 1 1 16 9 5 3 2 1 1 1 1 1 2 1 1 1 4 2 1 1 1 2 1 1 7 4 2 1 1 1 2 1 1 3 2 1 1 1 1 64 38 22 13 8 5 3 2 1 1 1 1 1 2 1 1 1 3 2 1 1 1 1 1 5 3 2 1 1 1 1 1 2 1 1 1 9 5 3 2 1 1 1 1 1 2 1 1 1 4 2 1 1 1 2 1 1 16 9 5 3 2 1 1 1 1 1 2 1 1 1 4 2 1 1 1 2 1 1 7 4 2 1 1 1 2 1 1 3 2 1 1 1 1 26 16 9 5 3 2 1 1 1 1 1 2 1 1 1 4 2 1 1 1 2 1 1 7 4 2 1 1 1 2 1 1 3 2 1 1 1 1 10 7 4 2 1 1 1 2 1 1 3 2 1 1 1 1 4 2 2 1 1 1 2 1 1 94 56 34 21 13 8 5 3 2 1 1 1 1 1 2 1 1 1 3 2 1 1 1 1 1 5 3 2 1 1 1 1 1 2 1 1 1 8 5 3 2 1 1 1 1 1 2 1 1 1 3 2 1 1 1 1 1 13 8 5 3 2 1 1 1 1 1 2 1 1 1 3 2 1 1 1 1 1 5 3 2 1 1 1 1 1 2 1 1 1 22 13 8 5 3 2 1 1 1 1 1 2 1 1 1 3 2 1 1 1 1 1 5 3 2 1 1 1 1 1 2 1 1 1 9 5 3 2 1 1 1 1 1 2 1 1 1 4 2 1 1 1 2 1 1 38 22 13 8 5 3 2 1 1 1 1 1 2 1 1 1 3 2 1 1 1 1 1 5 3 2 1 1 1 1 1 2 1 1 1 9 5 3 2 1 1 1 1 1 2 1 1 1 4 2 1 1 1 2 1 1 16 9 5 3 2 1 1 1 1 1 2 1 1 1 4 2 1 1 1 2 1 1 7 4 2 1 1 1 2 1 1 3 2 1 1 1 1
630 239 159 94 56 34 21 13 8 5 2 1 1 1 3 2 1 1 1 1 1 5 3 2 1 1 1 1 1 2 1 1 1 8 5 3 2 1 1 1 1 1 2 1 1 1 3 2 1 1 1 1 1 13 8 5 3 2 1 1 1 1 1 2 1 1 1 3 2 1 1 1 1 1 5 3 2 1 1 1 1 1 2 1 1 1 22 13 8 5 3 2 1 1 1 1 1 2 1 1 1 3 2 1 1 1 1 1 5 3 2 1 1 1 1 1 2 1 1 1 9 5 3 2 1 1 1 1 1 2 1 1 1 4 2 1 1 1 2 1 1 38 22 13 8 5 3 2 1 1 1 1 1 2 1 1 1 3 2 1 1 1 1 1 5 3 2 1 1 1 1 1 2 1 1 1 9 5 3 2 1 1 1 1 1 2 1 1 1 4 2 1 1 1 2 1 1 16 9 5 3 2 1 1 1 1 1 2 1 1 1 4 2 1 1 1 2 1 1 7 4 2 1 1 1 2 1 1 3 2 1 1 1 1 65 38 22 13 8 5 3 2 1 1 1 1 1 2 1 1 1 3 2 1 1 1 1 1 5 3 2 1 1 1 1 1 2 1 1 1 9 5 3 2 1 1 1 1 1 2 1 1 1 4 2 1 1 1 2 1 1 16 9 5 3 2 1 1 1 1 1 2 1 1 1 4 2 1 1 1 2 1 1 7 4 2 1 1 1 2 1 1 3 2 1 1 1 1 27 16 9 5 3 2 1 1 1 1 1 2 1 1 1 4 2 1 1 1 2 1 1 7 4 2 1 1 1 2 1 1 3 2 1 1 1 1 11 7 4 2 1 1 1 2 1 1 3 2 1 1 1 1 4 3 2 1 1 1 1 2 1 1 94 56 34 21 13 8 5 3 2 1 1 1 1 1 2 1 1 1 3 2 1 1 1 1 1 5 3 2 1 1 1 1 1 2 1 1 1 8 5 3 2 1 1 1 1 1 2 1 1 1 3 2 1 1 1 1 1 13 8 5 3 2 1 1 1 1 1 2 1 1 1 3 2 1 1 1 1 1 5 3 2 1 1 1 1 1 2 1 1 1 22 13 8 5 3 2 1 1 1 1 1 2 1 1 1 3 2 1 1 1 1 1 5 3 2 1 1 1 1 1 2 1 1 1 9 5 3 2 1 1 1 1 1 2 1 1 1 4 2 1 1 1 2 1 1 38 22 13 8 5 3 2 1 1 1 1 1 2 1 1 1 3 2 1 1 1 1 1 5 3 2 1 1 1 1 1 2 1 1 1 9 5 3 2 1 1 1 1 1 2 1 1 1 4 2 1 1 1 2 1 1 16 9 5 3 2 1 1 1 1 1 2 1 1 1 4 2 1 1 1 2 1 1 7 4 2 1 1 1 2 1 1 3 2 1 1 1 1
631 239 160 94 56 34 21 13 8 5 2 1 1 1 3 2 1 1 1 1 1 5 3 2 1 1 1 1 1 2 1 1 1 8 5 3 2 1 1 1 1 1 2 1 1 1 3 2 1 1 1 1 1 13 8 5 3 2 1 1 1 1 1 2 1 1 1 3 2 1 1 1 1 1 5 3 2 1 1 1 1 1 2 1 1 1 22 13 8 5 3 2 1 1 1 1 1 2 1 1 1 3 2 1 1 1 1 1 5 3 2 1 1 1 1 1 2 1 1 1 9 5 3 2 1 1 1 1 1 2 1 1 1 4 2 1 1 1 2 1 1 38 22 13 8 5 3 2 1 1 1 1 1 2 1 1 1 3 2 1 1 1 1 1 5 3 2 1 1 1 1 1 2 1 1 1 9 5 3 2 1 1 1 1 1 2 1 1 1 4 2 1 1 1 2 1 1 16 9 5 3 2 1 1 1 1 1 2 1 1 1 4 2 1 1 1 2 1 1 7 4 2 1 1 1 2 1 1 3 2 1 1 1 1 66 38 22 13 8 5 3 2 1 1 1 1 1 2 1 1 1 3 2 1 1 1 1 1 5 3 2 1 1 1 1 1 2 1 1 1 9 5 3 2 1 1 1 1 1 2 1 1 1 4 2 1 1 1 2 1 1 16 9 5 3 2 1 1 1 1 1 2 1 1 1 4 2 1 1 1 2 1 1 7 4 2 1 1 1 2 1 1 3 2 1 1 1 1 28 16 9 5 3 2 1 1 1 1 1 2 1 1 1 4 2 1 1 1 2 1 1 7 4 2 1 1 1 2 1 1 3 2 1 1 1 1 12 7 4 2 1 1 1 2 1 1 3 2 1 1 1 1 5 3 2 1 1 1 1 2 1 1 1 94 56 34 21 13 8 5 3 2 1 1 1 1 1 2 1 1 1 3 2 1 1 1 1 1 5 3 2 1 1 1 1 1 2 1 1 1 8 5 3 2 1 1 1 1 1 2 1 1 1 3 2 1 1 1 1 1 13 8 5 3 2 1 1 1 1 1 2 1 1 1 3 2 1 1 1 1 1 5 3 2 1 1 1 1 1 2 1 1 1 22 13 8 5 3 2 1 1 1 1 1 2 1 1 1 3 2 1 1 1 1 1 5 3 2 1 1 1 1 1 2 1 1 1 9 5 3 2 1 1 1 1 1 2 1 1 1 4 2 1 1 1 2 1 1 38 22 13 8 5 3 2 1 1 1 1 1 2 1 1 1 3 2 1 1 1 1 1 5 3 2 1 1 1 1 1 2 1 1 1 9 5 3 2 1 1 1 1 1 2 1 1 1 4 2 1 1 1 2 1 1 16 9 5 3 2 1 1 1 1 1 2 1 1 1 4 2 1 1 1 2 1 1 7 4 2 1 1 1 2 1 1 3 2 1 1 1 1
632 240 160 94 56 34 21 13 8 5 2 1 1 1 3 2 1 1 1 1 1 5 3 2 1 1 1 1 1 2 1 1 1 8 5 3 2 1 1 1 1 1 2 1 1 1 3 2 1 1 1 1 1 13 8 5 3 2 1 1 1 1 1 2 1 1 1 3 2 1 1 1 1 1 5 3 2 1 1 1 1 1 2 1 1 1 22 13 8 5 3 2 1 1 1 1 1 2 1 1 1 3 2 1 1 1 1 1 5 3 2 1 1 1 1 1 2 1 1 1 9 5 3 2 1 1 1 1 1 2 1 1 1 4 2 1 1 1 2 1 1 38 22 13 8 5 3 2 1 1 1 1 1 2 1 1 1 3 2 1 1 1 1 1 5 3 2 1 1 1 1 1 2 1 1 1 9 5 3 2 1 1 1 1 1 2 1 1 1 4 2 1 1 1 2 1 1 16 9 5 3 2 1 1 1 1 1 2 1 1 1 4 2 1 1 1 2 1 1 7 4 2 1 1 1 2 1 1 3 2 1 1 1 1 66 38 22 13 8 5 3 2 1 1 1 1 1 2 1 1 1 3 2 1 1 1 1 1 5 3 2 1 1 1 1 1 2 1 1 1 9 5 3 2 1 1 1 1 1 2 1 1 1 4 2 1 1 1 2 1 1 16 9 5 3 2 1 1 1 1 1 2 1 1 1 4 2 1 1 1 2 1 1 7 4 2 1 1 1 2 1 1 3 2 1 1 1 1 28 16 9 5 3 2 1 1 1 1 1 2 1 1 1 4 2 1 1 1 2 1 1 7 4 2 1 1 1 2 1 1 3 2 1 1 1 1 12 7 4 2 1 1 1 2 1 1 3 2 1 1 1 1 5 3 2 1 1 1 1 2 1 1 1 94 56 34 22 13 8 5 3 2 1 1 1 1 1 2 1 1 1 3 2 1 1 1 1 1 5 3 2 1 1 1 1 1 2 1 1 1 9 5 3 2 1 1 1 1 1 2 1 1 1 4 2 1 1 1 2 1 1 13 8 5 3 2 1 1 1 1 1 2 1 1 1 3 2 1 1 1 1 1 5 3 2 1 1 1 1 1 2 1 1 1 22 13 8 5 3 2 1 1 1 1 1 2 1 1 1 3 2 1 1 1 1 1 5 3 2 1 1 1 1 1 2 1 1 1 9 5 3 2 1 1 1 1 1 2 1 1 1 4 2 1 1 1 2 1 1 38 22 13 8 5 3 2 1 1 1 1 1 2 1 1 1 3 2 1 1 1 1 1 5 3 2 1 1 1 1 1 2 1 1 1 9 5 3 2 1 1 1 1 1 2 1 1 1 4 2 1 1 1 2 1 1 16 9 5 3 2 1 1 1 1 1 2 1 1 1 4 2 1 1 1 2 1 1 7 4 2 1 1 1 2 1 1 3 2 1 1 1 1
633 241 160 94 56 34 21 13 8 5 2 1 1 1 3 2 1 1 1 1 1 5 3 2 1 1 1 1 1 2 1 1 1 8 5 3 2 1 1 1 1 1 2 1 1 1 3 2 1 1 1 1 1 13 8 5 3 2 1 1 1 1 1 2 1 1 1 3 2 1 1 1 1 1 5 3 2 1 1 1 1 1 2 1 1 1 22 13 8 5 3 2 1 1 1 1 1 2 1 1 1 3 2 1 1 1 1 1 5 3 2 1 1 1 1 1 2 1 1 1 9 5 3 2 1 1 1 1 1 2 1 1 1 4 2 1 1 1 2 1 1 38 22 13 8 5 3 2 1 1 1 1 1 2 1 1 1 3 2 1 1 1 1 1 5 3 2 1 1 1 1 1 2 1 1 1 9 5 3 2 1 1 1 1 1 2 1 1 1 4 2 1 1 1 2 1 1 16 9 5 3 2 1 1 1 1 1 2 1 1 1 4 2 1 1 1 2 1 1 7 4 2 1 1 1 2 1 1 3 2 1 1 1 1 66 38 22 13 8 5 3 2 1 1 1 1 1 2 1 1 1 3 2 1 1 1 1 1 5 3 2 1 1 1 1 1 2 1 1 1 9 5 3 2 1 1 1 1 1 2 1 1 1 4 2 1 1 1 2 1 1 16 9 5 3 2 1 1 1 1 1 2 1 1 1 4 2 1 1 1 2 1 1 7 4 2 1 1 1 2 1 1 3 2 1 1 1 1 28 16 9 5 3 2 1 1 1 1 1 2 1 1 1 4 2 1 1 1 2 1 1 7 4 2 1 1 1 2 1 1 3 2 1 1 1 1 12 7 4 2 1 1 1 2 1 1 3 2 1 1 1 1 5 3 2 1 1 1 1 2 1 1 1 94 56 35 22 13 8 5 3 2 1 1 1 1 1 2 1 1 1 3 2 1 1 1 1 1 5 3 2 1 1 1 1 1 2 1 1 1 9 5 3 2 1 1 1 1 1 2 1 1 1 4 2 1 1 1 2 1 1 13 9 5 3 2 1 1 1 1 1 2 1 1 1 4 2 1 1 1 2 1 1 5 3 2 1 1 1 1 1 2 1 1 1 22 13 8 5 3 2 1 1 1 1 1 2 1 1 1 3 2 1 1 1 1 1 5 3 2 1 1 1 1 1 2 1 1 1 9 5 3 2 1 1 1 1 1 2 1 1 1 4 2 1 1 1 2 1 1 38 22 13 8 5 3 2 1 1 1 1 1 2 1 1 1 3 2 1 1 1 1 1 5 3 2 1 1 1 1 1 2 1 1 1 9 5 3 2 1 1 1 1 1 2 1 1 1 4 2 1 1 1 2 1 1 16 9 5 3 2 1 1 1 1 1 2 1 1 1 4 2 1 1 1 2 1 1 7 4 2 1 1 1 2 1 1 3 2 1 1 1 1
634 242 160 94 56 34 21 13 8 5 2 1 1 1 3 2 1 1 1 1 1 5 3 2 1 1 1 1 1 2 1 1 1 8 5 3 2 1 1 1 1 1 2 1 1 1 3 2 1 1 1 1 1 13 8 5 3 2 1 1 1 1 1 2 1 1 1 3 2 1 1 1 1 1 5 3 2 1 1 1 1 1 2 1 1 1 22 13 8 5 3 2 1 1 1 1 1 2 1 1 1 3 2 1 1 1 1 1 5 3 2 1 1 1 1 1 2 1 1 1 9 5 3 2 1 1 1 1 1 2 1 1 1 4 2 1 1 1 2 1 1 38 22 13 8 5 3 2 1 1 1 1 1 2 1 1 1 3 2 1 1 1 1 1 5 3 2 1 1 1 1 1 2 1 1 1 9 5 3 2 1 1 1 1 1 2 1 1 1 4 2 1 1 1 2 1 1 16 9 5 3 2 1 1 1 1 1 2 1 1 1 4 2 1 1 1 2 1 1 7 4 2 1 1 1 2 1 1 3 2 1 1 1 1 66 38 22 13 8 5 3 2 1 1 1 1 1 2 1 1 1 3 2 1 1 1 1 1 5 3 2 1 1 1 1 1 2 1 1 1 9 5 3 2 1 1 1 1 1 2 1 1 1 4 2 1 1 1 2 1 1 16 9 5 3 2 1 1 1 1 1 2 1 1 1 4 2 1 1 1 2 1 1 7 4 2 1 1 1 2 1 1 3 2 1 1 1 1 28 16 9 5 3 2 1 1 1 1 1 2 1 1 1 4 2 1 1 1 2 1 1 7 4 2 1 1 1 2 1 1 3 2 1 1 1 1 12 7 4 2 1 1 1 2 1 1 3 2 1 1 1 1 5 3 2 1 1 1 1 2 1 1 1 94 56 36 22 13 8 5 3 2 1 1 1 1 1 2 1 1 1 3 2 1 1 1 1 1 5 3 2 1 1 1 1 1 2 1 1 1 9 5 3 2 1 1 1 1 1 2 1 1 1 4 2 1 1 1 2 1 1 14 9 5 3 2 1 1 1 1 1 2 1 1 1 4 2 1 1 1 2 1 1 5 4 2 1 1 1 2 1 1 2 1 1 1 22 13 8 5 3 2 1 1 1 1 1 2 1 1 1 3 2 1 1 1 1 1 5 3 2 1 1 1 1 1 2 1 1 1 9 5 3 2 1 1 1 1 1 2 1 1 1 4 2 1 1 1 2 1 1 38 22 13 8 5 3 2 1 1 1 1 1 2 1 1 1 3 2 1 1 1 1 1 5 3 2 1 1 1 1 1 2 1 1 1 9 5 3 2 1 1 1 1 1 2 1 1 1 4 2 1 1 1 2 1 1 16 9 5 3 2 1 1 1 1 1 2 1 1 1 4 2 1 1 1 2 1 1 7 4 2 1 1 1 2 1 1 3 2 1 1 1 1
635 243 160 94 56 34 21 13 8 5 2 1 1 1 3 2 1 1 1 1 1 5 3 2 1 1 1 1 1 2 1 1 1 8 5 3 2 1 1 1 1 1 2 1 1 1 3 2 1 1 1 1 1 13 8 5 3 2 1 1 1 1 1 2 1 1 1 3 2 1 1 1 1 1 5 3 2 1 1 1 1 1 2 1 1 1 22 13 8 5 3 2 1 1 1 1 1 2 1 1 1 3 2 1 1 1 1 1 5 3 2 1 1 1 1 1 2 1 1 1 9 5 3 2 1 1 1 1 1 2 1 1 1 4 2 1 1 1 2 1 1 38 22 13 8 5 3 2 1 1 1 1 1 2 1 1 1 3 2 1 1 1 1 1 5 3 2 1 1 1 1 1 2 1 1 1 9 5 3 2 1 1 1 1 1 2 1 1 1 4 2 1 1 1 2 1 1 16 9 5 3 2 1 1 1 1 1 2 1 1 1 4 2 1 1 1 2 1 1 7 4 2 1 1 1 2 1 1 3 2 1 1 1 1 66 38 22 13 8 5 3 2 1 1 1 1 1 2 1 1 1 3 2 1 1 1 1 1 5 3 2 1 1 1 1 1 2 1 1 1 9 5 3 2 1 1 1 1 1 2 1 1 1 4 2 1 1 1 2 1 1 16 9 5 3 2 1 1 1 1 1 2 1 1 1 4 2 1 1 1 2 1 1 7 4 2 1 1 1 2 1 1 3 2 1 1 1 1 28 16 9 5 3 2 1 1 1 1 1 2 1 1 1 4 2 1 1 1 2 1 1 7 4 2 1 1 1 2 1 1 3 2 1 1 1 1 12 7 4 2 1 1 1 2 1 1 3 2 1 1 1 1 5 3 2 1 1 1 1 2 1 1 1 94 56 37 22 13 8 5 3 2 1 1 1 1 1 2 1 1 1 3 2 1 1 1 1 1 5 3 2 1 1 1 1 1 2 1 1 1 9 5 3 2 1 1 1 1 1 2 1 1 1 4 2 1 1 1 2 1 1 15 9 5 3 2 1 1 1 1 1 2 1 1 1 4 2 1 1 1 2 1 1 6 4 2 1 1 1 2 1 1 2 2 1 1 1 22 13 8 5 3 2 1 1 1 1 1 2 1 1 1 3 2 1 1 1 1 1 5 3 2 1 1 1 1 1 2 1 1 1 9 5 3 2 1 1 1 1 1 2 1 1 1 4 2 1 1 1 2 1 1 38 22 13 8 5 3 2 1 1 1 1 1 2 1 1 1 3 2 1 1 1 1 1 5 3 2 1 1 1 1 1 2 1 1 1 9 5 3 2 1 1 1 1 1 2 1 1 1 4 2 1 1 1 2 1 1 16 9 5 3 2 1 1 1 1 1 2 1 1 1 4 2 1 1 1 2 1 1 7 4 2 1 1 1 2 1 1 3 2 1 1 1 1
636 244 160 94 56 34 21 13 8 5 2 1 1 1 3 2 1 1 1 1 1 5 3 2 1 1 1 1 1 2 1 1 1 8 5 3 2 1 1 1 1 1 2 1 1 1 3 2 1 1 1 1 1 13 8 5 3 2 1 1 1 1 1 2 1 1 1 3 2 1 1 1 1 1 5 3 2 1 1 1 1 1 2 1 1 1 22 13 8 5 3 2 1 1 1 1 1 2 1 1 1 3 2 1 1 1 1 1 5 3 2 1 1 1 1 1 2 1 1 1 9 5 3 2 1 1 1 1 1 2 1 1 1 4 2 1 1 1 2 1 1 38 22 13 8 5 3 2 1 1 1 1 1 2 1 1 1 3 2 1 1 1 1 1 5 3 2 1 1 1 1 1 2 1 1 1 9 5 3 2 1 1 1 1 1 2 1 1 1 4 2 1 1 1 2 1 1 16 9 5 3 2 1 1 1 1 1 2 1 1 1 4 2 1 1 1 2 1 1 7 4 2 1 1 1 2 1 1 3 2 1 1 1 1 66 38 22 13 8 5 3 2 1 1 1 1 1 2 1 1 1 3 2 1 1 1 1 1 5 3 2 1 1 1 1 1 2 1 1 1 9 5 3 2 1 1 1 1 1 2 1 1 1 4 2 1 1 1 2 1 1 16 9 5 3 2 1 1 1 1 1 2 1 1 1 4 2 1 1 1 2 1 1 7 4 2 1 1 1 2 1 1 3 2 1 1 1 1 28 16 9 5 3 2 1 1 1 1 1 2 1 1 1 4 2 1 1 1 2 1 1 7 4 2 1 1 1 2 1 1 3 2 1 1 1 1 12 7 4 2 1 1 1 2 1 1 3 2 1 1 1 1 5 3 2 1 1 1 1 2 1 1 1 94 56 38 22 13 8 5 3 2 1 1 1 1 1 2 1 1 1 3 2 1 1 1 1 1 5 3 2 1 1 1 1 1 2 1 1 1 9 5 3 2 1 1 1 1 1 2 1 1 1 4 2 1 1 1 2 1 1 16 9 5 3 2 1 1 1 1 1 2 1 1 1 4 2 1 1 1 2 1 1 7 4 2 1 1 1 2 1 1 3 2 1 1 1 1 22 13 8 5 3 2 1 1 1 1 1 2 1 1 1 3 2 1 1 1 1 1 5 3 2 1 1 1 1 1 2 1 1 1 9 5 3 2 1 1 1 1 1 2 1 1 1 4 2 1 1 1 2 1 1 38 22 13 8 5 3 2 1 1 1 1 1 2 1 1 1 3 2 1 1 1 1 1 5 3 2 1 1 1 1 1 2 1 1 1 9 5 3 2 1 1 1 1 1 2 1 1 1 4 2 1 1 1 2 1 1 16 9 5 3 2 1 1 1 1 1 2 1 1 1 4 2 1 1 1 2 1 1 7 4 2 1 1 1 2 1 1 3 2 1 1 1 1
637 245 160 94 56 34 21 13 8 5 2 1 1 1 3 2 1 1 1 1 1 5 3 2 1 1 1 1 1 2 1 1 1 8 5 3 2 1 1 1 1 1 2 1 1 1 3 2 1 1 1 1 1 13 8 5 3 2 1 1 1 1 1 2 1 1 1 3 2 1 1 1 1 1 5 3 2 1 1 1 1 1 2 1 1 1 22 13 8 5 3 2 1 1 1 1 1 2 1 1 1 3 2 1 1 1 1 1 5 3 2 1 1 1 1 1 2 1 1 1 9 5 3 2 1 1 1 1 1 2 1 1 1 4 2 1 1 1 2 1 1 38 22 13 8 5 3 2 1 1 1 1 1 2 1 1 1 3 2 1 1 1 1 1 5 3 2 1 1 1 1 1 2 1 1 1 9 5 3 2 1 1 1 1 1 2 1 1 1 4 2 1 1 1 2 1 1 16 9 5 3 2 1 1 1 1 1 2 1 1 1 4 2 1 1 1 2 1 1 7 4 2 1 1 1 2 1 1 3 2 1 1 1 1 66 38 22 13 8 5 3 2 1 1 1 1 1 2 1 1 1 3 2 1 1 1 1 1 5 3 2 1 1 1 1 1 2 1 1 1 9 5 3 2 1 1 1 1 1 2 1 1 1 4 2 1 1 1 2 1 1 16 9 5 3 2 1 1 1 1 1 2 1 1 1 4 2 1 1 1 2 1 1 7 4 2 1 1 1 2 1 1 3 2 1 1 1 1 28 16 9 5 3 2 1 1 1 1 1 2 1 1 1 4 2 1 1 1 2 1 1 7 4 2 1 1 1 2 1 1 3 2 1 1 1 1 12 7 4 2 1 1 1 2 1 1 3 2 1 1 1 1 5 3 2 1 1 1 1 2 1 1 1 94 57 38 22 13 8 5 3 2 1 1 1 1 1 2 1 1 1 3 2 1 1 1 1 1 5 3 2 1 1 1 1 1 2 1 1 1 9 5 3 2 1 1 1 1 1 2 1 1 1 4 2 1 1 1 2 1 1 16 9 5 3 2 1 1 1 1 1 2 1 1 1 4 2 1 1 1 2 1 1 7 4 2 1 1 1 2 1 1 3 2 1 1 1 1 22 13 9 5 3 2 1 1 1 1 1 2 1 1 1 4 2 1 1 1 2 1 1 5 3 2 1 1 1 1 1 2 1 1 1 9 5 3 2 1 1 1 1 1 2 1 1 1 4 2 1 1 1 2 1 1 38 22 13 8 5 3 2 1 1 1 1 1 2 1 1 1 3 2 1 1 1 1 1 5 3 2 1 1 1 1 1 2 1 1 1 9 5 3 2 1 1 1 1 1 2 1 1 1 4 2 1 1 1 2 1 1 16 9 5 3 2 1 1 1 1 1 2 1 1 1 4 2 1 1 1 2 1 1 7 4 2 1 1 1 2 1 1 3 2 1 1 1 1
638 246 160 94 56 34 21 13 8 5 2 1 1 1 3 2 1 1 1 1 1 5 3 2 1 1 1 1 1 2 1 1 1 8 5 3 2 1 1 1 1 1 2 1 1 1 3 2 1 1 1 1 1 13 8 5 3 2 1 1 1 1 1 2 1 1 1 3 2 1 1 1 1 1 5 3 2 1 1 1 1 1 2 1 1 1 22 13 8 5 3 2 1 1 1 1 1 2 1 1 1 3 2 1 1 1 1 1 5 3 2 1 1 1 1 1 2 1 1 1 9 5 3 2 1 1 1 1 1 2 1 1 1 4 2 1 1 1 2 1 1 38 22 13 8 5 3 2 1 1 1 1 1 2 1 1 1 3 2 1 1 1 1 1 5 3 2 1 1 1 1 1 2 1 1 1 9 5 3 2 1 1 1 1 1 2 1 1 1 4 2 1 1 1 2 1 1 16 9 5 3 2 1 1 1 1 1 2 1 1 1 4 2 1 1 1 2 1 1 7 4 2 1 1 1 2 1 1 3 2 1 1 1 1 66 38 22 13 8 5 3 2 1 1 1 1 1 2 1 1 1 3 2 1 1 1 1 1 5 3 2 1 1 1 1 1 2 1 1 1 9 5 3 2 1 1 1 1 1 2 1 1 1 4 2 1 1 1 2 1 1 16 9 5 3 2 1 1 1 1 1 2 1 1 1 4 2 1 1 1 2 1 1 7 4 2 1 1 1 2 1 1 3 2 1 1 1 1 28 16 9 5 3 2 1 1 1 1 1 2 1 1 1 4 2 1 1 1 2 1 1 7 4 2 1 1 1 2 1 1 3 2 1 1 1 1 12 7 4 2 1 1 1 2 1 1 3 2 1 1 1 1 5 3 2 1 1 1 1 2 1 1 1 94 58 38 22 13 8 5 3 2 1 1 1 1 1 2 1 1 1 3 2 1 1 1 1 1 5 3 2 1 1 1 1 1 2 1 1 1 9 5 3 2 1 1 1 1 1 2 1 1 1 4 2 1 1 1 2 1 1 16 9 5 3 2 1 1 1 1 1 2 1 1 1 4 2 1 1 1 2 1 1 7 4 2 1 1 1 2 1 1 3 2 1 1 1 1 22 14 9 5 3 2 1 1 1 1 1 2 1 1 1 4 2 1 1 1 2 1 1 5 4 2 1 1 1 2 1 1 2 1 1 1 9 5 3 2 1 1 1 1 1 2 1 1 1 4 2 1 1 1 2 1 1 38 22 13 8 5 3 2 1 1 1 1 1 2 1 1 1 3 2 1 1 1 1 1 5 3 2 1 1 1 1 1 2 1 1 1 9 5 3 2 1 1 1 1 1 2 1 1 1 4 2 1 1 1 2 1 1 16 9 5 3 2 1 1 1 1 1 2 1 1 1 4 2 1 1 1 2 1 1 7 4 2 1 1 1 2 1 1 3 2 1 1 1 1
985 378 236 145 89 55 34 21 13 8 5 2 1 1 1 3 2 1 1 1 1 1 5 3 2 1 1 1 1 1 2 1 1 1 8 5 3 2 1 1 1 1 1 2 1 1 1 3 2 1 1 1 1 1 13 8 5 3 2 1 1 1 1 1 2 1 1 1 3 2 1 1 1 1 1 5 3 2 1 1 1 1 1 2 1 1 1 21 13 8 5 3 2 1 1 1 1 1 2 1 1 1 3 2 1 1 1 1 1 5 3 2 1 1 1 1 1 2 1 1 1 8 5 3 2 1 1 1 1 1 2 1 1 1 3 2 1 1 1 1 1 34 21 13 8 5 3 2 1 1 1 1 1 2 1 1 1 3 2 1 1 1 1 1 5 3 2 1 1 1 1 1 2 1 1 1 8 5 3 2 1 1 1 1 1 2 1 1 1 3 2 1 1 1 1 1 13 8 5 3 2 1 1 1 1 1 2 1 1 1 3 2 1 1 1 1 1 5 3 2 1 1 1 1 1 2 1 1 1 56 34 21 13 8 5 3 2 1 1 1 1 1 2 1 1 1 3 2 1 1 1 1 1 5 3 2 1 1 1 1 1 2 1 1 1 8 5 3 2 1 1 1 1 1 2 1 1 1 3 2 1 1 1 1 1 13 8 5 3 2 1 1 1 1 1 2 1 1 1 3 2 1 1 1 1 1 5 3 2 1 1 1 1 1 2 1 1 1 22 13 8 5 3 2 1 1 1 1 1 2 1 1 1 3 2 1 1 1 1 1 5 3 2 1 1 1 1 1 2 1 1 1 9 5 3 2 1 1 1 1 1 2 1 1 1 4 2 1 1 1 2 1 1 91 56 34 21 13 8 5 3 2 1 1 1 1 1 2 1 1 1 3 2 1 1 1 1 1 5 3 2 1 1 1 1 1 2 1 1 1 8 5 3 2 1 1 1 1 1 2 1 1 1 3 2 1 1 1 1 1 13 8 5 3 2 1 1 1 1 1 2 1 1 1 3 2 1 1 1 1 1 5 3 2 1 1 1 1 1 2 1 1 1 22 13 8 5 3 2 1 1 1 1 1 2 1 1 1 3 2 1 1 1 1 1 5 3 2 1 1 1 1 1 2 1 1 1 9 5 3 2 1 1 1 1 1 2 1 1 1 4 2 1 1 1 2 1 1 35 22 13 8 5 3 2 1 1 1 1 1 2 1 1 1 3 2 1 1 1 1 1 5 3 2 1 1 1 1 1 2 1 1 1 9 5 3 2 1 1 1 1 1 2 1 1 1 4 2 1 1 1 2 1 1 13 9 5 3 2 1 1 1 1 1 2 1 1 1 4 2 1 1 1 2 1 1 5 3 2 1 1 1 1 1 2 1 1 1 145 89 55 34 21 13 8 5 3 2 1 1 1 1 1 2 1 1 1 3 2 1 1 1 1 1 5 3 2 1 1 1 1 1 2 1 1 1 8 5 3 2 1 1 1 1 1 2 1 1 1 3 2 1 1 1 1 1 13 8 5 3 2 1 1 1 1 1 2 1 1 1 3 2 1 1 1 1 1 5 3 2 1 1 1 1 1 2 1 1 1 21 13 8 5 3 2 1 1 1 1 1 2 1 1 1 3 2 1 1 1 1 1 5 3 2 1 1 1 1 1 2 1 1 1 8 5 3 2 1 1 1 1 1 2 1 1 1 3 2 1 1 1 1 1 34 21 13 8 5 3 2 1 1 1 1 1 2 1 1 1 3 2 1 1 1 1 1 5 3 2 1 1 1 1 1 2 1 1 1 8 5 3 2 1 1 1 1 1 2 1 1 1 3 2 1 1 1 1 1 13 8 5 3 2 1 1 1 1 1 2 1 1 1 3 2 1 1 1 1 1 5 3 2 1 1 1 1 1 2 1 1 1 56 34 21 13 8 5 3 2 1 1 1 1 1 2 1 1 1 3 2 1 1 1 1 1 5 3 2 1 1 1 1 1 2 1 1 1 8 5 3 2 1 1 1 1 1 2 1 1 1 3 2 1 1 1 1 1 13 8 5 3 2 1 1 1 1 1 2 1 1 1 3 2 1 1 1 1 1 5 3 2 1 1 1 1 1 2 1 1 1 22 13 8 5 3 2 1 1 1 1 1 2 1 1 1 3 2 1 1 1 1 1 5 3 2 1 1 1 1 1 2 1 1 1 9 5 3 2 1 1 1 1 1 2 1 1 1 4 2 1 1 1 2 1 1
986 378 237 145 89 55 34 21 13 8 5 2 1 1 1 3 2 1 1 1 1 1 5 3 2 1 1 1 1 1 2 1 1 1 8 5 3 2 1 1 1 1 1 2 1 1 1 3 2 1 1 1 1 1 13 8 5 3 2 1 1 1 1 1 2 1 1 1 3 2 1 1 1 1 1 5 3 2 1 1 1 1 1 2 1 1 1 21 13 8 5 3 2 1 1 1 1 1 2 1 1 1 3 2 1 1 1 1 1 5 3 2 1 1 1 1 1 2 1 1 1 8 5 3 2 1 1 1 1 1 2 1 1 1 3 2 1 1 1 1 1 34 21 13 8 5 3 2 1 1 1 1 1 2 1 1 1 3 2 1 1 1 1 1 5 3 2 1 1 1 1 1 2 1 1 1 8 5 3 2 1 1 1 1 1 2 1 1 1 3 2 1 1 1 1 1 13 8 5 3 2 1 1 1 1 1 2 1 1 1 3 2 1 1 1 1 1 5 3 2 1 1 1 1 1 2 1 1 1 56 34 21 13 8 5 3 2 1 1 1 1 1 2 1 1 1 3 2 1 1 1 1 1 5 3 2 1 1 1 1 1 2 1 1 1 8 5 3 2 1 1 1 1 1 2 1 1 1 3 2 1 1 1 1 1 13 8 5 3 2 1 1 1 1 1 2 1 1 1 3 2 1 1 1 1 1 5 3 2 1 1 1 1 1 2 1 1 1 22 13 8 5 3 2 1 1 1 1 1 2 1 1 1 3 2 1 1 1 1 1 5 3 2 1 1 1 1 1 2 1 1 1 9 5 3 2 1 1 1 1 1 2 1 1 1 4 2 1 1 1 2 1 1 92 56 34 21 13 8 5 3 2 1 1 1 1 1 2 1 1 1 3 2 1 1 1 1 1 5 3 2 1 1 1 1 1 2 1 1 1 8 5 3 2 1 1 1 1 1 2 1 1 1 3 2 1 1 1 1 1 13 8 5 3 2 1 1 1 1 1 2 1 1 1 3 2 1 1 1 1 1 5 3 2 1 1 1 1 1 2 1 1 1 22 13 8 5 3 2 1 1 1 1 1 2 1 1 1 3 2 1 1 1 1 1 5 3 2 1 1 1 1 1 2 1 1 1 9 5 3 2 1 1 1 1 1 2 1 1 1 4 2 1 1 1 2 1 1 36 22 13 8 5 3 2 1 1 1 1 1 2 1 1 1 3 2 1 1 1 1 1 5 3 2 1 1 1 1 1 2 1 1 1 9 5 3 2 1 1 1 1 1 2 1 1 1 4 2 1 1 1 2 1 1 14 9 5 3 2 1 1 1 1 1 2 1 1 1 4 2 1 1 1 2 1 1 5 4 2 1 1 1 2 1 1 2 1 1 1 145 89 55 34 21 13 8 5 3 2 1 1 1 1 1 2 1 1 1 3 2 1 1 1 1 1 5 3 2 1 1 1 1 1 2 1 1 1 8 5 3 2 1 1 1 1 1 2 1 1 1 3 2 1 1 1 1 1 13 8 5 3 2 1 1 1 1 1 2 1 1 1 3 2 1 1 1 1 1 5 3 2 1 1 1 1 1 2 1 1 1 21 13 8 5 3 2 1 1 1 1 1 2 1 1 1 3 2 1 1 1 1 1 5 3 2 1 1 1 1 1 2 1 1 1 8 5 3 2 1 1 1 1 1 2 1 1 1 3 2 1 1 1 1 1 34 21 13 8 5 3 2 1 1 1 1 1 2 1 1 1 3 2 1 1 1 1 1 5 3 2 1 1 1 1 1 2 1 1 1 8 5 3 2 1 1 1 1 1 2 1 1 1 3 2 1 1 1 1 1 13 8 5 3 2 1 1 1 1 1 2 1 1 1 3 2 1 1 1 1 1 5 3 2 1 1 1 1 1 2 1 1 1 56 34 21 13 8 5 3 2 1 1 1 1 1 2 1 1 1 3 2 1 1 1 1 1 5 3 2 1 1 1 1 1 2 1 1 1 8 5 3 2 1 1 1 1 1 2 1 1 1 3 2 1 1 1 1 1 13 8 5 3 2 1 1 1 1 1 2 1 1 1 3 2 1 1 1 1 1 5 3 2 1 1 1 1 1 2 1 1 1 22 13 8 5 3 2 1 1 1 1 1 2 1 1 1 3 2 1 1 1 1 1 5 3 2 1 1 1 1 1 2 1 1 1 9 5 3 2 1 1 1 1 1 2 1 1 1 4 2 1 1 1 2 1 1
987 378 238 145 89 55 34 21 13 8 5 2 1 1 1 3 2 1 1 1 1 1 5 3 2 1 1 1 1 1 2 1 1 1 8 5 3 2 1 1 1 1 1 2 1 1 1 3 2 1 1 1 1 1 13 8 5 3 2 1 1 1 1 1 2 1 1 1 3 2 1 1 1 1 1 5 3 2 1 1 1 1 1 2 1 1 1 21 13 8 5 3 2 1 1 1 1 1 2 1 1 1 3 2 1 1 1 1 1 5 3 2 1 1 1 1 1 2 1 1 1 8 5 3 2 1 1 1 1 1 2 1 1 1 3 2 1 1 1 1 1 34 21 13 8 5 3 2 1 1 1 1 1 2 1 1 1 3 2 1 1 1 1 1 5 3 2 1 1 1 1 1 2 1 1 1 8 5 3 2 1 1 1 1 1 2 1 1 1 3 2 1 1 1 1 1 13 8 5 3 2 1 1 1 1 1 2 1 1 1 3 2 1 1 1 1 1 5 3 2 1 1 1 1 1 2 1 1 1 56 34 21 13 8 5 3 2 1 1 1 1 1 2 1 1 1 3 2 1 1 1 1 1 5 3 2 1 1 1 1 1 2 1 1 1 8 5 3 2 1 1 1 1 1 2 1 1 1 3 2 1 1 1 1 1 13 8 5 3 2 1 1 1 1 1 2 1 1 1 3 2 1 1 1 1 1 5 3 2 1 1 1 1 1 2 1 1 1 22 13 8 5 3 2 1 1 1 1 1 2 1 1 1 3 2 1 1 1 1 1 5 3 2 1 1 1 1 1 2 1 1 1 9 5 3 2 1 1 1 1 1 2 1 1 1 4 2 1 1 1 2 1 1 93 56 34 21 13 8 5 3 2 1 1 1 1 1 2 1 1 1 3 2 1 1 1 1 1 5 3 2 1 1 1 1 1 2 1 1 1 8 5 3 2 1 1 1 1 1 2 1 1 1 3 2 1 1 1 1 1 13 8 5 3 2 1 1 1 1 1 2 1 1 1 3 2 1 1 1 1 1 5 3 2 1 1 1 1 1 2 1 1 1 22 13 8 5 3 2 1 1 1 1 1 2 1 1 1 3 2 1 1 1 1 1 5 3 2 1 1 1 1 1 2 1 1 1 9 5 3 2 1 1 1 1 1 2 1 1 1 4 2 1 1 1 2 1 1 37 22 13 8 5 3 2 1 1 1 1 1 2 1 1 1 3 2 1 1 1 1 1 5 3 2 1 1 1 1 1 2 1 1 1 9 5 3 2 1 1 1 1 1 2 1 1 1 4 2 1 1 1 2 1 1 15 9 5 3 2 1 1 1 1 1 2 1 1 1 4 2 1 1 1 2 1 1 6 4 2 1 1 1 2 1 1 2 2 1 1 1 145 89 55 34 21 13 8 5 3 2 1 1 1 1 1 2 1 1 1 3 2 1 1 1 1 1 5 3 2 1 1 1 1 1 2 1 1 1 8 5 3 2 1 1 1 1 1 2 1 1 1 3 2 1 1 1 1 1 13 8 5 3 2 1 1 1 1 1 2 1 1 1 3 2 1 1 1 1 1 5 3 2 1 1 1 1 1 2 1 1 1 21 13 8 5 3 2 1 1 1 1 1 2 1 1 1 3 2 1 1 1 1 1 5 3 2 1 1 1 1 1 2 1 1 1 8 5 3 2 1 1 1 1 1 2 1 1 1 3 2 1 1 1 1 1 34 21 13 8 5 3 2 1 1 1 1 1 2 1 1 1 3 2 1 1 1 1 1 5 3 2 1 1 1 1 1 2 1 1 1 8 5 3 2 1 1 1 1 1 2 1 1 1 3 2 1 1 1 1 1 13 8 5 3 2 1 1 1 1 1 2 1 1 1 3 2 1 1 1 1 1 5 3 2 1 1 1 1 1 2 1 1 1 56 34 21 13 8 5 3 2 1 1 1 1 1 2 1 1 1 3 2 1 1 1 1 1 5 3 2 1 1 1 1 1 2 1 1 1 8 5 3 2 1 1 1 1 1 2 1 1 1 3 2 1 1 1 1 1 13 8 5 3 2 1 1 1 1 1 2 1 1 1 3 2 1 1 1 1 1 5 3 2 1 1 1 1 1 2 1 1 1 22 13 8 5 3 2 1 1 1 1 1 2 1 1 1 3 2 1 1 1 1 1 5 3 2 1 1 1 1 1 2 1 1 1 9 5 3 2 1 1 1 1 1 2 1 1 1 4 2 1 1 1 2 1 1
988 378 239 145 89 55 34 21 13 8 5 2 1 1 1 3 2 1 1 1 1 1 5 3 2 1 1 1 1 1 2 1 1 1 8 5 3 2 1 1 1 1 1 2 1 1 1 3 2 1 1 1 1 1 13 8 5 3 2 1 1 1 1 1 2 1 1 1 3 2 1 1 1 1 1 5 3 2 1 1 1 1 1 2 1 1 1 21 13 8 5 3 2 1 1 1 1 1 2 1 1 1 3 2 1 1 1 1 1 5 3 2 1 1 1 1 1 2 1 1 1 8 5 3 2 1 1 1 1 1 2 1 1 1 3 2 1 1 1 1 1 34 21 13 8 5 3 2 1 1 1 1 1 2 1 1 1 3 2 1 1 1 1 1 5 3 2 1 1 1 1 1 2 1 1 1 8 5 3 2 1 1 1 1 1 2 1 1 1 3 2 1 1 1 1 1 13 8 5 3 2 1 1 1 1 1 2 1 1 1 3 2 1 1 1 1 1 5 3 2 1 1 1 1 1 2 1 1 1 56 34 21 13 8 5 3 2 1 1 1 1 1 2 1 1 1 3 2 1 1 1 1 1 5 3 2 1 1 1 1 1 2 1 1 1 8 5 3 2 1 1 1 1 1 2 1 1 1 3 2 1 1 1 1 1 13 8 5 3 2 1 1 1 1 1 2 1 1 1 3 2 1 1 1 1 1 5 3 2 1 1 1 1 1 2 1 1 1 22 13 8 5 3 2 1 1 1 1 1 2 1 1 1 3 2 1 1 1 1 1 5 3 2 1 1 1 1 1 2 1 1 1 9 5 3 2 1 1 1 1 1 2 1 1 1 4 2 1 1 1 2 1 1 94 56 34 21 13 8 5 3 2 1 1 1 1 1 2 1 1 1 3 2 1 1 1 1 1 5 3 2 1 1 1 1 1 2 1 1 1 8 5 3 2 1 1 1 1 1 2 1 1 1 3 2 1 1 1 1 1 13 8 5 3 2 1 1 1 1 1 2 1 1 1 3 2 1 1 1 1 1 5 3 2 1 1 1 1 1 2 1 1 1 22 13 8 5 3 2 1 1 1 1 1 2 1 1 1 3 2 1 1 1 1 1 5 3 2 1 1 1 1 1 2 1 1 1 9 5 3 2 1 1 1 1 1 2 1 1 1 4 2 1 1 1 2 1 1 38 22 13 8 5 3 2 1 1 1 1 1 2 1 1 1 3 2 1 1 1 1 1 5 3 2 1 1 1 1 1 2 1 1 1 9 5 3 2 1 1 1 1 1 2 1 1 1 4 2 1 1 1 2 1 1 16 9 5 3 2 1 1 1 1 1 2 1 1 1 4 2 1 1 1 2 1 1 7 4 2 1 1 1 2 1 1 3 2 1 1 1 1 145 89 55 34 21 13 8 5 3 2 1 1 1 1 1 2 1 1 1 3 2 1 1 1 1 1 5 3 2 1 1 1 1 1 2 1 1 1 8 5 3 2 1 1 1 1 1 2 1 1 1 3 2 1 1 1 1 1 13 8 5 3 2 1 1 1 1 1 2 1 1 1 3 2 1 1 1 1 1 5 3 2 1 1 1 1 1 2 1 1 1 21 13 8 5 3 2 1 1 1 1 1 2 1 1 1 3 2 1 1 1 1 1 5 3 2 1 1 1 1 1 2 1 1 1 8 5 3 2 1 1 1 1 1 2 1 1 1 3 2 1 1 1 1 1 34 21 13 8 5 3 2 1 1 1 1 1 2 1 1 1 3 2 1 1 1 1 1 5 3 2 1 1 1 1 1 2 1 1 1 8 5 3 2 1 1 1 1 1 2 1 1 1 3 2 1 1 1 1 1 13 8 5 3 2 1 1 1 1 1 2 1 1 1 3 2 1 1 1 1 1 5 3 2 1 1 1 1 1 2 1 1 1 56 34 21 13 8 5 3 2 1 1 1 1 1 2 1 1 1 3 2 1 1 1 1 1 5 3 2 1 1 1 1 1 2 1 1 1 8 5 3 2 1 1 1 1 1 2 1 1 1 3 2 1 1 1 1 1 13 8 5 3 2 1 1 1 1 1 2 1 1 1 3 2 1 1 1 1 1 5 3 2 1 1 1 1 1 2 1 1 1 22 13 8 5 3 2 1 1 1 1 1 2 1 1 1 3 2 1 1 1 1 1 5 3 2 1 1 1 1 1 2 1 1 1 9 5 3 2 1 1 1 1 1 2 1 1 1 4 2 1 1 1 2 1 1
989 379 239 145 89 55 34 21 13 8 5 2 1 1 1 3 2 1 1 1 1 1 5 3 2 1 1 1 1 1 2 1 1 1 8 5 3 2 1 1 1 1 1 2 1 1 1 3 2 1 1 1 1 1 13 8 5 3 2 1 1 1 1 1 2 1 1 1 3 2 1 1 1 1 1 5 3 2 1 1 1 1 1 2 1 1 1 21 13 8 5 3 2 1 1 1 1 1 2 1 1 1 3 2 1 1 1 1 1 5 3 2 1 1 1 1 1 2 1 1 1 8 5 3 2 1 1 1 1 1 2 1 1 1 3 2 1 1 1 1 1 34 21 13 8 5 3 2 1 1 1 1 1 2 1 1 1 3 2 1 1 1 1 1 5 3 2 1 1 1 1 1 2 1 1 1 8 5 3 2 1 1 1 1 1 2 1 1 1 3 2 1 1 1 1 1 13 8 5 3 2 1 1 1 1 1 2 1 1 1 3 2 1 1 1 1 1 5 3 2 1 1 1 1 1 2 1 1 1 56 34 21 13 8 5 3 2 1 1 1 1 1 2 1 1 1 3 2 1 1 1 1 1 5 3 2 1 1 1 1 1 2 1 1 1 8 5 3 2 1 1 1 1 1 2 1 1 1 3 2 1 1 1 1 1 13 8 5 3 2 1 1 1 1 1 2 1 1 1 3 2 1 1 1 1 1 5 3 2 1 1 1 1 1 2 1 1 1 22 13 8 5 3 2 1 1 1 1 1 2 1 1 1 3 2 1 1 1 1 1 5 3 2 1 1 1 1 1 2 1 1 1 9 5 3 2 1 1 1 1 1 2 1 1 1 4 2 1 1 1 2 1 1 94 56 34 21 13 8 5 3 2 1 1 1 1 1 2 1 1 1 3 2 1 1 1 1 1 5 3 2 1 1 1 1 1 2 1 1 1 8 5 3 2 1 1 1 1 1 2 1 1 1 3 2 1 1 1 1 1 13 8 5 3 2 1 1 1 1 1 2 1 1 1 3 2 1 1 1 1 1 5 3 2 1 1 1 1 1 2 1 1 1 22 13 8 5 3 2 1 1 1 1 1 2 1 1 1 3 2 1 1 1 1 1 5 3 2 1 1 1 1 1 2 1 1 1 9 5 3 2 1 1 1 1 1 2 1 1 1 4 2 1 1 1 2 1 1 38 22 13 8 5 3 2 1 1 1 1 1 2 1 1 1 3 2 1 1 1 1 1 5 3 2 1 1 1 1 1 2 1 1 1 9 5 3 2 1 1 1 1 1 2 1 1 1 4 2 1 1 1 2 1 1 16 9 5 3 2 1 1 1 1 1 2 1 1 1 4 2 1 1 1 2 1 1 7 4 2 1 1 1 2 1 1 3 2 1 1 1 1 145 89 56 34 21 13 8 5 3 2 1 1 1 1 1 2 1 1 1 3 2 1 1 1 1 1 5 3 2 1 1 1 1 1 2 1 1 1 8 5 3 2 1 1 1 1 1 2 1 1 1 3 2 1 1 1 1 1 13 8 5 3 2 1 1 1 1 1 2 1 1 1 3 2 1 1 1 1 1 5 3 2 1 1 1 1 1 2 1 1 1 22 13 8 5 3 2 1 1 1 1 1 2 1 1 1 3 2 1 1 1 1 1 5 3 2 1 1 1 1 1 2 1 1 1 9 5 3 2 1 1 1 1 1 2 1 1 1 4 2 1 1 1 2 1 1 34 21 13 8 5 3 2 1 1 1 1 1 2 1 1 1 3 2 1 1 1 1 1 5 3 2 1 1 1 1 1 2 1 1 1 8 5 3 2 1 1 1 1 1 2 1 1 1 3 2 1 1 1 1 1 13 8 5 3 2 1 1 1 1 1 2 1 1 1 3 2 1 1 1 1 1 5 3 2 1 1 1 1 1 2 1 1 1 56 34 21 13 8 5 3 2 1 1 1 1 1 2 1 1 1 3 2 1 1 1 1 1 5 3 2 1 1 1 1 1 2 1 1 1 8 5 3 2 1 1 1 1 1 2 1 1 1 3 2 1 1 1 1 1 13 8 5 3 2 1 1 1 1 1 2 1 1 1 3 2 1 1 1 1 1 5 3 2 1 1 1 1 1 2 1 1 1 22 13 8 5 3 2 1 1 1 1 1 2 1 1 1 3 2 1 1 1 1 1 5 3 2 1 1 1 1 1 2 1 1 1 9 5 3 2 1 1 1 1 1 2 1 1 1 4 2 1 1 1 2 1 1
990 380 239 145 89 55 34 21 13 8 5 2 1 1 1 3 2 1 1 1 1 1 5 3 2 1 1 1 1 1 2 1 1 1 8 5 3 2 1 1 1 1 1 2 1 1 1 3 2 1 1 1 1 1 13 8 5 3 2 1 1 1 1 1 2 1 1 1 3 2 1 1 1 1 1 5 3 2 1 1 1 1 1 2 1 1 1 21 13 8 5 3 2 1 1 1 1 1 2 1 1 1 3 2 1 1 1 1 1 5 3 2 1 1 1 1 1 2 1 1 1 8 5 3 2 1 1 1 1 1 2 1 1 1 3 2 1 1 1 1 1 34 21 13 8 5 3 2 1 1 1 1 1 2 1 1 1 3 2 1 1 1 1 1 5 3 2 1 1 1 1 1 2 1 1 1 8 5 3 2 1 1 1 1 1 2 1 1 1 3 2 1 1 1 1 1 13 8 5 3 2 1 1 1 1 1 2 1 1 1 3 2 1 1 1 1 1 5 3 2 1 1 1 1 1 2 1 1 1 56 34 21 13 8 5 3 2 1 1 1 1 1 2 1 1 1 3 2 1 1 1 1 1 5 3 2 1 1 1 1 1 2 1 1 1 8 5 3 2 1 1 1 1 1 2 1 1 1 3 2 1 1 1 1 1 13 8 5 3 2 1 1 1 1 1 2 1 1 1 3 2 1 1 1 1 1 5 3 2 1 1 1 1 1 2 1 1 1 22 13 8 5 3 2 1 1 1 1 1 2 1 1 1 3 2 1 1 1 1 1 5 3 2 1 1 1 1 1 2 1 1 1 9 5 3 2 1 1 1 1 1 2 1 1 1 4 2 1 1 1 2 1 1 94 56 34 21 13 8 5 3 2 1 1 1 1 1 2 1 1 1 3 2 1 1 1 1 1 5 3 2 1 1 1 1 1 2 1 1 1 8 5 3 2 1 1 1 1 1 2 1 1 1 3 2 1 1 1 1 1 13 8 5 3 2 1 1 1 1 1 2 1 1 1 3 2 1 1 1 1 1 5 3 2 1 1 1 1 1 2 1 1 1 22 13 8 5 3 2 1 1 1 1 1 2 1 1 1 3 2 1 1 1 1 1 5 3 2 1 1 1 1 1 2 1 1 1 9 5 3 2 1 1 1 1 1 2 1 1 1 4 2 1 1 1 2 1 1 38 22 13 8 5 3 2 1 1 1 1 1 2 1 1 1 3 2 1 1 1 1 1 5 3 2 1 1 1 1 1 2 1 1 1 9 5 3 2 1 1 1 1 1 2 1 1 1 4 2 1 1 1 2 1 1 16 9 5 3 2 1 1 1 1 1 2 1 1 1 4 2 1 1 1 2 1 1 7 4 2 1 1 1 2 1 1 3 2 1 1 1 1 145 90 56 34 21 13 8 5 3 2 1 1 1 1 1 2 1 1 1 3 2 1 1 1 1 1 5 3 2 1 1 1 1 1 2 1 1 1 8 5 3 2 1 1 1 1 1 2 1 1 1 3 2 1 1 1 1 1 13 8 5 3 2 1 1 1 1 1 2 1 1 1 3 2 1 1 1 1 1 5 3 2 1 1 1 1 1 2 1 1 1 22 13 8 5 3 2 1 1 1 1 1 2 1 1 1 3 2 1 1 1 1 1 5 3 2 1 1 1 1 1 2 1 1 1 9 5 3 2 1 1 1 1 1 2 1 1 1 4 2 1 1 1 2 1 1 34 22 13 8 5 3 2 1 1 1 1 1 2 1 1 1 3 2 1 1 1 1 1 5 3 2 1 1 1 1 1 2 1 1 1 9 5 3 2 1 1 1 1 1 2 1 1 1 4 2 1 1 1 2 1 1 13 8 5 3 2 1 1 1 1 1 2 1 1 1 3 2 1 1 1 1 1 5 3 2 1 1 1 1 1 2 1 1 1 56 34 21 13 8 5 3 2 1 1 1 1 1 2 1 1 1 3 2 1 1 1 1 1 5 3 2 1 1 1 1 1 2 1 1 1 8 5 3 2 1 1 1 1 1 2 1 1 1 3 2 1 1 1 1 1 13 8 5 3 2 1 1 1 1 1 2 1 1 1 3 2 1 1 1 1 1 5 3 2 1 1 1 1 1 2 1 1 1 22 13 8 5 3 2 1 1 1 1 1 2 1 1 1 3 2 1 1 1 1 1 5 3 2 1 1 1 1 1 2 1 1 1 9 5 3 2 1 1 1 1 1 2 1 1 1 4 2 1 1 1 2 1 1
991 381 239 145 89 55 34 21 13 8 5 2 1 1 1 3 2 1 1 1 1 1 5 3 2 1 1 1 1 1 2 1 1 1 8 5 3 2 1 1 1 1 1 2 1 1 1 3 2 1 1 1 1 1 13 8 5 3 2 1 1 1 1 1 2 1 1 1 3 2 1 1 1 1 1 5 3 2 1 1 1 1 1 2 1 1 1 21 13 8 5 3 2 1 1 1 1 1 2 1 1 1 3 2 1 1 1 1 1 5 3 2 1 1 1 1 1 2 1 1 1 8 5 3 2 1 1 1 1 1 2 1 1 1 3 2 1 1 1 1 1 34 21 13 8 5 3 2 1 1 1 1 1 2 1 1 1 3 2 1 1 1 1 1 5 3 2 1 1 1 1 1 2 1 1 1 8 5 3 2 1 1 1 1 1 2 1 1 1 3 2 1 1 1 1 1 13 8 5 3 2 1 1 1 1 1 2 1 1 1 3 2 1 1 1 1 1 5 3 2 1 1 1 1 1 2 1 1 1 56 34 21 13 8 5 3 2 1 1 1 1 1 2 1 1 1 3 2 1 1 1 1 1 5 3 2 1 1 1 1 1 2 1 1 1 8 5 3 2 1 1 1 1 1 2 1 1 1 3 2 1 1 1 1 1 13 8 5 3 2 1 1 1 1 1 2 1 1 1 3 2 1 1 1 1 1 5 3 2 1 1 1 1 1 2 1 1 1 22 13 8 5 3 2 1 1 1 1 1 2 1 1 1 3 2 1 1 1 1 1 5 3 2 1 1 1 1 1 2 1 1 1 9 5 3 2 1 1 1 1 1 2 1 1 1 4 2 1 1 1 2 1 1 94 56 34 21 13 8 5 3 2 1 1 1 1 1 2 1 1 1 3 2 1 1 1 1 1 5 3 2 1 1 1 1 1 2 1 1 1 8 5 3 2 1 1 1 1 1 2 1 1 1 3 2 1 1 1 1 1 13 8 5 3 2 1 1 1 1 1 2 1 1 1 3 2 1 1 1 1 1 5 3 2 1 1 1 1 1 2 1 1 1 22 13 8 5 3 2 1 1 1 1 1 2 1 1 1 3 2 1 1 1 1 1 5 3 2 1 1 1 1 1 2 1 1 1 9 5 3 2 1 1 1 1 1 2 1 1 1 4 2 1 1 1 2 1 1 38 22 13 8 5 3 2 1 1 1 1 1 2 1 1 1 3 2 1 1 1 1 1 5 3 2 1 1 1 1 1 2 1 1 1 9 5 3 2 1 1 1 1 1 2 1 1 1 4 2 1 1 1 2 1 1 16 9 5 3 2 1 1 1 1 1 2 1 1 1 4 2 1 1 1 2 1 1 7 4 2 1 1 1 2 1 1 3 2 1 1 1 1 145 91 56 34 21 13 8 5 3 2 1 1 1 1 1 2 1 1 1 3 2 1 1 1 1 1 5 3 2 1 1 1 1 1 2 1 1 1 8 5 3 2 1 1 1 1 1 2 1 1 1 3 2 1 1 1 1 1 13 8 5 3 2 1 1 1 1 1 2 1 1 1 3 2 1 1 1 1 1 5 3 2 1 1 1 1 1 2 1 1 1 22 13 8 5 3 2 1 1 1 1 1 2 1 1 1 3 2 1 1 1 1 1 5 3 2 1 1 1 1 1 2 1 1 1 9 5 3 2 1 1 1 1 1 2 1 1 1 4 2 1 1 1 2 1 1 35 22 13 8 5 3 2 1 1 1 1 1 2 1 1 1 3 2 1 1 1 1 1 5 3 2 1 1 1 1 1 2 1 1 1 9 5 3 2 1 1 1 1 1 2 1 1 1 4 2 1 1 1 2 1 1 13 9 5 3 2 1 1 1 1 1 2 1 1 1 4 2 1 1 1 2 1 1 5 3 2 1 1 1 1 1 2 1 1 1 56 34 21 13 8 5 3 2 1 1 1 1 1 2 1 1 1 3 2 1 1 1 1 1 5 3 2 1 1 1 1 1 2 1 1 1 8 5 3 2 1 1 1 1 1 2 1 1 1 3 2 1 1 1 1 1 13 8 5 3 2 1 1 1 1 1 2 1 1 1 3 2 1 1 1 1 1 5 3 2 1 1 1 1 1 2 1 1 1 22 13 8 5 3 2 1 1 1 1 1 2 1 1 1 3 2 1 1 1 1 1 5 3 2 1 1 1 1 1 2 1 1 1 9 5 3 2 1 1 1 1 1 2 1 1 1 4 2 1 1 1 2 1 1
992 382 239 145 89 55 34 21 13 8 5 2 1 1 1 3 2 1 1 1 1 1 5 3 2 1 1 1 1 1 2 1 1 1 8 5 3 2 1 1 1 1 1 2 1 1 1 3 2 1 1 1 1 1 13 8 5 3 2 1 1 1 1 1 2 1 1 1 3 2 1 1 1 1 1 5 3 2 1 1 1 1 1 2 1 1 1 21 13 8 5 3 2 1 1 1 1 1 2 1 1 1 3 2 1 1 1 1 1 5 3 2 1 1 1 1 1 2 1 1 1 8 5 3 2 1 1 1 1 1 2 1 1 1 3 2 1 1 1 1 1 34 21 13 8 5 3 2 1 1 1 1 1 2 1 1 1 3 2 1 1 1 1 1 5 3 2 1 1 1 1 1 2 1 1 1 8 5 3 2 1 1 1 1 1 2 1 1 1 3 2 1 1 1 1 1 13 8 5 3 2 1 1 1 1 1 2 1 1 1 3 2 1 1 1 1 1 5 3 2 1 1 1 1 1 2 1 1 1 56 34 21 13 8 5 3 2 1 1 1 1 1 2 1 1 1 3 2 1 1 1 1 1 5 3 2 1 1 1 1 1 2 1 1 1 8 5 3 2 1 1 1 1 1 2 1 1 1 3 2 1 1 1 1 1 13 8 5 3 2 1 1 1 1 1 2 1 1 1 3 2 1 1 1 1 1 5 3 2 1 1 1 1 1 2 1 1 1 22 13 8 5 3 2 1 1 1 1 1 2 1 1 1 3 2 1 1 1 1 1 5 3 2 1 1 1 1 1 2 1 1 1 9 5 3 2 1 1 1 1 1 2 1 1 1 4 2 1 1 1 2 1 1 94 56 34 21 13 8 5 3 2 1 1 1 1 1 2 1 1 1 3 2 1 1 1 1 1 5 3 2 1 1 1 1 1 2 1 1 1 8 5 3 2 1 1 1 1 1 2 1 1 1 3 2 1 1 1 1 1 13 8 5 3 2 1 1 1 1 1 2 1 1 1 3 2 1 1 1 1 1 5 3 2 1 1 1 1 1 2 1 1 1 22 13 8 5 3 2 1 1 1 1 1 2 1 1 1 3 2 1 1 1 1 1 5 3 2 1 1 1 1 1 2 1 1 1 9 5 3 2 1 1 1 1 1 2 1 1 1 4 2 1 1 1 2 1 1 38 22 13 8 5 3 2 1 1 1 1 1 2 1 1 1 3 2 1 1 1 1 1 5 3 2 1 1 1 1 1 2 1 1 1 9 5 3 2 1 1 1 1 1 2 1 1 1 4 2 1 1 1 2 1 1 16 9 5 3 2 1 1 1 1 1 2 1 1 1 4 2 1 1 1 2 1 1 7 4 2 1 1 1 2 1 1 3 2 1 1 1 1 145 92 56 34 21 13 8 5 3 2 1 1 1 1 1 2 1 1 1 3 2 1 1 1 1 1 5 3 2 1 1 1 1 1 2 1 1 1 8 5 3 2 1 1 1 1 1 2 1 1 1 3 2 1 1 1 1 1 13 8 5 3 2 1 1 1 1 1 2 1 1 1 3 2 1 1 1 1 1 5 3 2 1 1 1 1 1 2 1 1 1 22 13 8 5 3 2 1 1 1 1 1 2 1 1 1 3 2 1 1 1 1 1 5 3 2 1 1 1 1 1 2 1 1 1 9 5 3 2 1 1 1 1 1 2 1 1 1 4 2 1 1 1 2 1 1 36 22 13 8 5 3 2 1 1 1 1 1 2 1 1 1 3 2 1 1 1 1 1 5 3 2 1 1 1 1 1 2 1 1 1 9 5 3 2 1 1 1 1 1 2 1 1 1 4 2 1 1 1 2 1 1 14 9 5 3 2 1 1 1 1 1 2 1 1 1 4 2 1 1 1 2 1 1 5 4 2 1 1 1 2 1 1 2 1 1 1 56 34 21 13 8 5 3 2 1 1 1 1 1 2 1 1 1 3 2 1 1 1 1 1 5 3 2 1 1 1 1 1 2 1 1 1 8 5 3 2 1 1 1 1 1 2 1 1 1 3 2 1 1 1 1 1 13 8 5 3 2 1 1 1 1 1 2 1 1 1 3 2 1 1 1 1 1 5 3 2 1 1 1 1 1 2 1 1 1 22 13 8 5 3 2 1 1 1 1 1 2 1 1 1 3 2 1 1 1 1 1 5 3 2 1 1 1 1 1 2 1 1 1 9 5 3 2 1 1 1 1 1 2 1 1 1 4 2 1 1 1 2 1 1
993 383 239 145 89 55 34 21 13 8 5 2 1 1 1 3 2 1 1 1 1 1 5 3 2 1 1 1 1 1 2 1 1 1 8 5 3 2 1 1 1 1 1 2 1 1 1 3 2 1 1 1 1 1 13 8 5 3 2 1 1 1 1 1 2 1 1 1 3 2 1 1 1 1 1 5 3 2 1 1 1 1 1 2 1 1 1 21 13 8 5 3 2 1 1 1 1 1 2 1 1 1 3 2 1 1 1 1 1 5 3 2 1 1 1 1 1 2 1 1 1 8 5 3 2 1 1 1 1 1 2 1 1 1 3 2 1 1 1 1 1 34 21 13 8 5 3 2 1 1 1 1 1 2 1 1 1 3 2 1 1 1 1 1 5 3 2 1 1 1 1 1 2 1 1 1 8 5 3 2 1 1 1 1 1 2 1 1 1 3 2 1 1 1 1 1 13 8 5 3 2 1 1 1 1 1 2 1 1 1 3 2 1 1 1 1 1 5 3 2 1 1 1 1 1 2 1 1 1 56 34 21 13 8 5 3 2 1 1 1 1 1 2 1 1 1 3 2 1 1 1 1 1 5 3 2 1 1 1 1 1 2 1 1 1 8 5 3 2 1 1 1 1 1 2 1 1 1 3 2 1 1 1 1 1 13 8 5 3 2 1 1 1 1 1 2 1 1 1 3 2 1 1 1 1 1 5 3 2 1 1 1 1 1 2 1 1 1 22 13 8 5 3 2 1 1 1 1 1 2 1 1 1 3 2 1 1 1 1 1 5 3 2 1 1 1 1 1 2 1 1 1 9 5 3 2 1 1 1 1 1 2 1 1 1 4 2 1 1 1 2 1 1 94 56 34 21 13 8 5 3 2 1 1 1 1 1 2 1 1 1 3 2 1 1 1 1 1 5 3 2 1 1 1 1 1 2 1 1 1 8 5 3 2 1 1 1 1 1 2 1 1 1 3 2 1 1 1 1 1 13 8 5 3 2 1 1 1 1 1 2 1 1 1 3 2 1 1 1 1 1 5 3 2 1 1 1 1 1 2 1 1 1 22 13 8 5 3 2 1 1 1 1 1 2 1 1 1 3 2 1 1 1 1 1 5 3 2 1 1 1 1 1 2 1 1 1 9 5 3 2 1 1 1 1 1 2 1 1 1 4 2 1 1 1 2 1 1 38 22 13 8 5 3 2 1 1 1 1 1 2 1 1 1 3 2 1 1 1 1 1 5 3 2 1 1 1 1 1 2 1 1 1 9 5 3 2 1 1 1 1 1 2 1 1 1 4 2 1 1 1 2 1 1 16 9 5 3 2 1 1 1 1 1 2 1 1 1 4 2 1 1 1 2 1 1 7 4 2 1 1 1 2 1 1 3 2 1 1 1 1 145 93 56 34 21 13 8 5 3 2 1 1 1 1 1 2 1 1 1 3 2 1 1 1 1 1 5 3 2 1 1 1 1 1 2 1 1 1 8 5 3 2 1 1 1 1 1 2 1 1 1 3 2 1 1 1 1 1 13 8 5 3 2 1 1 1 1 1 2 1 1 1 3 2 1 1 1 1 1 5 3 2 1 1 1 1 1 2 1 1 1 22 13 8 5 3 2 1 1 1 1 1 2 1 1 1 3 2 1 1 1 1 1 5 3 2 1 1 1 1 1 2 1 1 1 9 5 3 2 1 1 1 1 1 2 1 1 1 4 2 1 1 1 2 1 1 37 22 13 8 5 3 2 1 1 1 1 1 2 1 1 1 3 2 1 1 1 1 1 5 3 2 1 1 1 1 1 2 1 1 1 9 5 3 2 1 1 1 1 1 2 1 1 1 4 2 1 1 1 2 1 1 15 9 5 3 2 1 1 1 1 1 2 1 1 1 4 2 1 1 1 2 1 1 6 4 2 1 1 1 2 1 1 2 2 1 1 1 56 34 21 13 8 5 3 2 1 1 1 1 1 2 1 1 1 3 2 1 1 1 1 1 5 3 2 1 1 1 1 1 2 1 1 1 8 5 3 2 1 1 1 1 1 2 1 1 1 3 2 1 1 1 1 1 13 8 5 3 2 1 1 1 1 1 2 1 1 1 3 2 1 1 1 1 1 5 3 2 1 1 1 1 1 2 1 1 1 22 13 8 5 3 2 1 1 1 1 1 2 1 1 1 3 2 1 1 1 1 1 5 3 2 1 1 1 1 1 2 1 1 1 9 5 3 2 1 1 1 1 1 2 1 1 1 4 2 1 1 1 2 1 1
994 384 239 145 89 55 34 21 13 8 5 2 1 1 1 3 2 1 1 1 1 1 5 3 2 1 1 1 1 1 2 1 1 1 8 5 3 2 1 1 1 1 1 2 1 1 1 3 2 1 1 1 1 1 13 8 5 3 2 1 1 1 1 1 2 1 1 1 3 2 1 1 1 1 1 5 3 2 1 1 1 1 1 2 1 1 1 21 13 8 5 3 2 1 1 1 1 1 2 1 1 1 3 2 1 1 1 1 1 5 3 2 1 1 1 1 1 2 1 1 1 8 5 3 2 1 1 1 1 1 2 1 1 1 3 2 1 1 1 1 1 34 21 13 8 5 3 2 1 1 1 1 1 2 1 1 1 3 2 1 1 1 1 1 5 3 2 1 1 1 1 1 2 1 1 1 8 5 3 2 1 1 1 1 1 2 1 1 1 3 2 1 1 1 1 1 13 8 5 3 2 1 1 1 1 1 2 1 1 1 3 2 1 1 1 1 1 5 3 2 1 1 1 1 1 2 1 1 1 56 34 21 13 8 5 3 2 1 1 1 1 1 2 1 1 1 3 2 1 1 1 1 1 5 3 2 1 1 1 1 1 2 1 1 1 8 5 3 2 1 1 1 1 1 2 1 1 1 3 2 1 1 1 1 1 13 8 5 3 2 1 1 1 1 1 2 1 1 1 3 2 1 1 1 1 1 5 3 2 1 1 1 1 1 2 1 1 1 22 13 8 5 3 2 1 1 1 1 1 2 1 1 1 3 2 1 1 1 1 1 5 3 2 1 1 1 1 1 2 1 1 1 9 5 3 2 1 1 1 1 1 2 1 1 1 4 2 1 1 1 2 1 1 94 56 34 21 13 8 5 3 2 1 1 1 1 1 2 1 1 1 3 2 1 1 1 1 1 5 3 2 1 1 1 1 1 2 1 1 1 8 5 3 2 1 1 1 1 1 2 1 1 1 3 2 1 1 1 1 1 13 8 5 3 2 1 1 1 1 1 2 1 1 1 3 2 1 1 1 1 1 5 3 2 1 1 1 1 1 2 1 1 1 22 13 8 5 3 2 1 1 1 1 1 2 1 1 1 3 2 1 1 1 1 1 5 3 2 1 1 1 1 1 2 1 1 1 9 5 3 2 1 1 1 1 1 2 1 1 1 4 2 1 1 1 2 1 1 38 22 13 8 5 3 2 1 1 1 1 1 2 1 1 1 3 2 1 1 1 1 1 5 3 2 1 1 1 1 1 2 1 1 1 9 5 3 2 1 1 1 1 1 2 1 1 1 4 2 1 1 1 2 1 1 16 9 5 3 2 1 1 1 1 1 2 1 1 1 4 2 1 1 1 2 1 1 7 4 2 1 1 1 2 1 1 3 2 1 1 1 1 145 94 56 34 21 13 8 5 3 2 1 1 1 1 1 2 1 1 1 3 2 1 1 1 1 1 5 3 2 1 1 1 1 1 2 1 1 1 8 5 3 2 1 1 1 1 1 2 1 1 1 3 2 1 1 1 1 1 13 8 5 3 2 1 1 1 1 1 2 1 1 1 3 2 1 1 1 1 1 5 3 2 1 1 1 1 1 2 1 1 1 22 13 8 5 3 2 1 1 1 1 1 2 1 1 1 3 2 1 1 1 1 1 5 3 2 1 1 1 1 1 2 1 1 1 9 5 3 2 1 1 1 1 1 2 1 1 1 4 2 1 1 1 2 1 1 38 22 13 8 5 3 2 1 1 1 1 1 2 1 1 1 3 2 1 1 1 1 1 5 3 2 1 1 1 1 1 2 1 1 1 9 5 3 2 1 1 1 1 1 2 1 1 1 4 2 1 1 1 2 1 1 16 9 5 3 2 1 1 1 1 1 2 1 1 1 4 2 1 1 1 2 1 1 7 4 2 1 1 1 2 1 1 3 2 1 1 1 1 56 34 21 13 8 5 3 2 1 1 1 1 1 2 1 1 1 3 2 1 1 1 1 1 5 3 2 1 1 1 1 1 2 1 1 1 8 5 3 2 1 1 1 1 1 2 1 1 1 3 2 1 1 1 1 1 13 8 5 3 2 1 1 1 1 1 2 1 1 1 3 2 1 1 1 1 1 5 3 2 1 1 1 1 1 2 1 1 1 22 13 8 5 3 2 1 1 1 1 1 2 1 1 1 3 2 1 1 1 1 1 5 3 2 1 1 1 1 1 2 1 1 1 9 5 3 2 1 1 1 1 1 2 1 1 1 4 2 1 1 1 2 1 1
995 385 239 145 89 55 34 21 13 8 5 2 1 1 1 3 2 1 1 1 1 1 5 3 2 1 1 1 1 1 2 1 1 1 8 5 3 2 1 1 1 1 1 2 1 1 1 3 2 1 1 1 1 1 13 8 5 3 2 1 1 1 1 1 2 1 1 1 3 2 1 1 1 1 1 5 3 2 1 1 1 1 1 2 1 1 1 21 13 8 5 3 2 1 1 1 1 1 2 1 1 1 3 2 1 1 1 1 1 5 3 2 1 1 1 1 1 2 1 1 1 8 5 3 2 1 1 1 1 1 2 1 1 1 3 2 1 1 1 1 1 34 21 13 8 5 3 2 1 1 1 1 1 2 1 1 1 3 2 1 1 1 1 1 5 3 2 1 1 1 1 1 2 1 1 1 8 5 3 2 1 1 1 1 1 2 1 1 1 3 2 1 1 1 1 1 13 8 5 3 2 1 1 1 1 1 2 1 1 1 3 2 1 1 1 1 1 5 3 2 1 1 1 1 1 2 1 1 1 56 34 21 13 8 5 3 2 1 1 1 1 1 2 1 1 1 3 2 1 1 1 1 1 5 3 2 1 1 1 1 1 2 1 1 1 8 5 3 2 1 1 1 1 1 2 1 1 1 3 2 1 1 1 1 1 13 8 5 3 2 1 1 1 1 1 2 1 1 1 3 2 1 1 1 1 1 5 3 2 1 1 1 1 1 2 1 1 1 22 13 8 5 3 2 1 1 1 1 1 2 1 1 1 3 2 1 1 1 1 1 5 3 2 1 1 1 1 1 2 1 1 1 9 5 3 2 1 1 1 1 1 2 1 1 1 4 2 1 1 1 2 1 1 94 56 34 21 13 8 5 3 2 1 1 1 1 1 2 1 1 1 3 2 1 1 1 1 1 5 3 2 1 1 1 1 1 2 1 1 1 8 5 3 2 1 1 1 1 1 2 1 1 1 3 2 1 1 1 1 1 13 8 5 3 2 1 1 1 1 1 2 1 1 1 3 2 1 1 1 1 1 5 3 2 1 1 1 1 1 2 1 1 1 22 13 8 5 3 2 1 1 1 1 1 2 1 1 1 3 2 1 1 1 1 1 5 3 2 1 1 1 1 1 2 1 1 1 9 5 3 2 1 1 1 1 1 2 1 1 1 4 2 1 1 1 2 1 1 38 22 13 8 5 3 2 1 1 1 1 1 2 1 1 1 3 2 1 1 1 1 1 5 3 2 1 1 1 1 1 2 1 1 1 9 5 3 2 1 1 1 1 1 2 1 1 1 4 2 1 1 1 2 1 1 16 9 5 3 2 1 1 1 1 1 2 1 1 1 4 2 1 1 1 2 1 1 7 4 2 1 1 1 2 1 1 3 2 1 1 1 1 146 94 56 34 21 13 8 5 3 2 1 1 1 1 1 2 1 1 1 3 2 1 1 1 1 1 5 3 2 1 1 1 1 1 2 1 1 1 8 5 3 2 1 1 1 1 1 2 1 1 1 3 2 1 1 1 1 1 13 8 5 3 2 1 1 1 1 1 2 1 1 1 3 2 1 1 1 1 1 5 3 2 1 1 1 1 1 2 1 1 1 22 13 8 5 3 2 1 1 1 1 1 2 1 1 1 3 2 1 1 1 1 1 5 3 2 1 1 1 1 1 2 1 1 1 9 5 3 2 1 1 1 1 1 2 1 1 1 4 2 1 1 1 2 1 1 38 22 13 8 5 3 2 1 1 1 1 1 2 1 1 1 3 2 1 1 1 1 1 5 3 2 1 1 1 1 1 2 1 1 1 9 5 3 2 1 1 1 1 1 2 1 1 1 4 2 1 1 1 2 1 1 16 9 5 3 2 1 1 1 1 1 2 1 1 1 4 2 1 1 1 2 1 1 7 4 2 1 1 1 2 1 1 3 2 1 1 1 1 56 34 22 13 8 5 3 2 1 1 1 1 1 2 1 1 1 3 2 1 1 1 1 1 5 3 2 1 1 1 1 1 2 1 1 1 9 5 3 2 1 1 1 1 1 2 1 1 1 4 2 1 1 1 2 1 1 13 8 5 3 2 1 1 1 1 1 2 1 1 1 3 2 1 1 1 1 1 5 3 2 1 1 1 1 1 2 1 1 1 22 13 8 5 3 2 1 1 1 1 1 2 1 1 1 3 2 1 1 1 1 1 5 3 2 1 1 1 1 1 2 1 1 1 9 5 3 2 1 1 1 1 1 2 1 1 1 4 2 1 1 1 2 1 1
996 386 239 145 89 55 34 21 13 8 5 2 1 1 1 3 2 1 1 1 1 1 5 3 2 1 1 1 1 1 2 1 1 1 8 5 3 2 1 1 1 1 1 2 1 1 1 3 2 1 1 1 1 1 13 8 5 3 2 1 1 1 1 1 2 1 1 1 3 2 1 1 1 1 1 5 3 2 1 1 1 1 1 2 1 1 1 21 13 8 5 3 2 1 1 1 1 1 2 1 1 1 3 2 1 1 1 1 1 5 3 2 1 1 1 1 1 2 1 1 1 8 5 3 2 1 1 1 1 1 2 1 1 1 3 2 1 1 1 1 1 34 21 13 8 5 3 2 1 1 1 1 1 2 1 1 1 3 2 1 1 1 1 1 5 3 2 1 1 1 1 1 2 1 1 1 8 5 3 2 1 1 1 1 1 2 1 1 1 3 2 1 1 1 1 1 13 8 5 3 2 1 1 1 1 1 2 1 1 1 3 2 1 1 1 1 1 5 3 2 1 1 1 1 1 2 1 1 1 56 34 21 13 8 5 3 2 1 1 1 1 1 2 1 1 1 3 2 1 1 1 1 1 5 3 2 1 1 1 1 1 2 1 1 1 8 5 3 2 1 1 1 1 1 2 1 1 1 3 2 1 1 1 1 1 13 8 5 3 2 1 1 1 1 1 2 1 1 1 3 2 1 1 1 1 1 5 3 2 1 1 1 1 1 2 1 1 1 22 13 8 5 3 2 1 1 1 1 1 2 1 1 1 3 2 1 1 1 1 1 5 3 2 1 1 1 1 1 2 1 1 1 9 5 3 2 1 1 1 1 1 2 1 1 1 4 2 1 1 1 2 1 1 94 56 34 21 13 8 5 3 2 1 1 1 1 1 2 1 1 1 3 2 1 1 1 1 1 5 3 2 1 1 1 1 1 2 1 1 1 8 5 3 2 1 1 1 1 1 2 1 1 1 3 2 1 1 1 1 1 13 8 5 3 2 1 1 1 1 1 2 1 1 1 3 2 1 1 1 1 1 5 3 2 1 1 1 1 1 2 1 1 1 22 13 8 5 3 2 1 1 1 1 1 2 1 1 1 3 2 1 1 1 1 1 5 3 2 1 1 1 1 1 2 1 1 1 9 5 3 2 1 1 1 1 1 2 1 1 1 4 2 1 1 1 2 1 1 38 22 13 8 5 3 2 1 1 1 1 1 2 1 1 1 3 2 1 1 1 1 1 5 3 2 1 1 1 1 1 2 1 1 1 9 5 3 2 1 1 1 1 1 2 1 1 1 4 2 1 1 1 2 1 1 16 9 5 3 2 1 1 1 1 1 2 1 1 1 4 2 1 1 1 2 1 1 7 4 2 1 1 1 2 1 1 3 2 1 1 1 1 147 94 56 34 21 13 8 5 3 2 1 1 1 1 1 2 1 1 1 3 2 1 1 1 1 1 5 3 2 1 1 1 1 1 2 1 1 1 8 5 3 2 1 1 1 1 1 2 1 1 1 3 2 1 1 1 1 1 13 8 5 3 2 1 1 1 1 1 2 1 1 1 3 2 1 1 1 1 1 5 3 2 1 1 1 1 1 2 1 1 1 22 13 8 5 3 2 1 1 1 1 1 2 1 1 1 3 2 1 1 1 1 1 5 3 2 1 1 1 1 1 2 1 1 1 9 5 3 2 1 1 1 1 1 2 1 1 1 4 2 1 1 1 2 1 1 38 22 13 8 5 3 2 1 1 1 1 1 2 1 1 1 3 2 1 1 1 1 1 5 3 2 1 1 1 1 1 2 1 1 1 9 5 3 2 1 1 1 1 1 2 1 1 1 4 2 1 1 1 2 1 1 16 9 5 3 2 1 1 1 1 1 2 1 1 1 4 2 1 1 1 2 1 1 7 4 2 1 1 1 2 1 1 3 2 1 1 1 1 56 35 22 13 8 5 3 2 1 1 1 1 1 2 1 1 1 3 2 1 1 1 1 1 5 3 2 1 1 1 1 1 2 1 1 1 9 5 3 2 1 1 1 1 1 2 1 1 1 4 2 1 1 1 2 1 1 13 9 5 3 2 1 1 1 1 1 2 1 1 1 4 2 1 1 1 2 1 1 5 3 2 1 1 1 1 1 2 1 1 1 22 13 8 5 3 2 1 1 1 1 1 2 1 1 1 3 2 1 1 1 1 1 5 3 2 1 1 1 1 1 2 1 1 1 9 5 3 2 1 1 1 1 1 2 1 1 1 4 2 1 1 1 2 1 1
997 387 239 145 89 55 34 21 13 8 5 2 1 1 1 3 2 1 1 1 1 1 5 3 2 1 1 1 1 1 2 1 1 1 8 5 3 2 1 1 1 1 1 2 1 1 1 3 2 1 1 1 1 1 13 8 5 3 2 1 1 1 1 1 2 1 1 1 3 2 1 1 1 1 1 5 3 2 1 1 1 1 1 2 1 1 1 21 13 8 5 3 2 1 1 1 1 1 2 1 1 1 3 2 1 1 1 1 1 5 3 2 1 1 1 1 1 2 1 1 1 8 5 3 2 1 1 1 1 1 2 1 1 1 3 2 1 1 1 1 1 34 21 13 8 5 3 2 1 1 1 1 1 2 1 1 1 3 2 1 1 1 1 1 5 3 2 1 1 1 1 1 2 1 1 1 8 5 3 2 1 1 1 1 1 2 1 1 1 3 2 1 1 1 1 1 13 8 5 3 2 1 1 1 1 1 2 1 1 1 3 2 1 1 1 1 1 5 3 2 1 1 1 1 1 2 1 1 1 56 34 21 13 8 5 3 2 1 1 1 1 1 2 1 1 1 3 2 1 1 1 1 1 5 3 2 1 1 1 1 1 2 1 1 1 8 5 3 2 1 1 1 1 1 2 1 1 1 3 2 1 1 1 1 1 13 8 5 3 2 1 1 1 1 1 2 1 1 1 3 2 1 1 1 1 1 5 3 2 1 1 1 1 1 2 1 1 1 22 13 8 5 3 2 1 1 1 1 1 2 1 1 1 3 2 1 1 1 1 1 5 3 2 1 1 1 1 1 2 1 1 1 9 5 3 2 1 1 1 1 1 2 1 1 1 4 2 1 1 1 2 1 1 94 56 34 21 13 8 5 3 2 1 1 1 1 1 2 1 1 1 3 2 1 1 1 1 1 5 3 2 1 1 1 1 1 2 1 1 1 8 5 3 2 1 1 1 1 1 2 1 1 1 3 2 1 1 1 1 1 13 8 5 3 2 1 1 1 1 1 2 1 1 1 3 2 1 1 1 1 1 5 3 2 1 1 1 1 1 2 1 1 1 22 13 8 5 3 2 1 1 1 1 1 2 1 1 1 3 2 1 1 1 1 1 5 3 2 1 1 1 1 1 2 1 1 1 9 5 3 2 1 1 1 1 1 2 1 1 1 4 2 1 1 1 2 1 1 38 22 13 8 5 3 2 1 1 1 1 1 2 1 1 1 3 2 1 1 1 1 1 5 3 2 1 1 1 1 1 2 1 1 1 9 5 3 2 1 1 1 1 1 2 1 1 1 4 2 1 1 1 2 1 1 16 9 5 3 2 1 1 1 1 1 2 1 1 1 4 2 1 1 1 2 1 1 7 4 2 1 1 1 2 1 1 3 2 1 1 1 1 148 94 56 34 21 13 8 5 3 2 1 1 1 1 1 2 1 1 1 3 2 1 1 1 1 1 5 3 2 1 1 1 1 1 2 1 1 1 8 5 3 2 1 1 1 1 1 2 1 1 1 3 2 1 1 1 1 1 13 8 5 3 2 1 1 1 1 1 2 1 1 1 3 2 1 1 1 1 1 5 3 2 1 1 1 1 1 2 1 1 1 22 13 8 5 3 2 1 1 1 1 1 2 1 1 1 3 2 1 1 1 1 1 5 3 2 1 1 1 1 1 2 1 1 1 9 5 3 2 1 1 1 1 1 2 1 1 1 4 2 1 1 1 2 1 1 38 22 13 8 5 3 2 1 1 1 1 1 2 1 1 1 3 2 1 1 1 1 1 5 3 2 1 1 1 1 1 2 1 1 1 9 5 3 2 1 1 1 1 1 2 1 1 1 4 2 1 1 1 2 1 1 16 9 5 3 2 1 1 1 1 1 2 1 1 1 4 2 1 1 1 2 1 1 7 4 2 1 1 1 2 1 1 3 2 1 1 1 1 56 36 22 13 8 5 3 2 1 1 1 1 1 2 1 1 1 3 2 1 1 1 1 1 5 3 2 1 1 1 1 1 2 1 1 1 9 5 3 2 1 1 1 1 1 2 1 1 1 4 2 1 1 1 2 1 1 14 9 5 3 2 1 1 1 1 1 2 1 1 1 4 2 1 1 1 2 1 1 5 4 2 1 1 1 2 1 1 2 1 1 1 22 13 8 5 3 2 1 1 1 1 1 2 1 1 1 3 2 1 1 1 1 1 5 3 2 1 1 1 1 1 2 1 1 1 9 5 3 2 1 1 1 1 1 2 1 1 1 4 2 1 1 1 2 1 1
998 388 239 145 89 55 34 21 13 8 5 2 1 1 1 3 2 1 1 1 1 1 5 3 2 1 1 1 1 1 2 1 1 1 8 5 3 2 1 1 1 1 1 2 1 1 1 3 2 1 1 1 1 1 13 8 5 3 2 1 1 1 1 1 2 1 1 1 3 2 1 1 1 1 1 5 3 2 1 1 1 1 1 2 1 1 1 21 13 8 5 3 2 1 1 1 1 1 2 1 1 1 3 2 1 1 1 1 1 5 3 2 1 1 1 1 1 2 1 1 1 8 5 3 2 1 1 1 1 1 2 1 1 1 3 2 1 1 1 1 1 34 21 13 8 5 3 2 1 1 1 1 1 2 1 1 1 3 2 1 1 1 1 1 5 3 2 1 1 1 1 1 2 1 1 1 8 5 3 2 1 1 1 1 1 2 1 1 1 3 2 1 1 1 1 1 13 8 5 3 2 1 1 1 1 1 2 1 1 1 3 2 1 1 1 1 1 5 3 2 1 1 1 1 1 2 1 1 1 56 34 21 13 8 5 3 2 1 1 1 1 1 2 1 1 1 3 2 1 1 1 1 1 5 3 2 1 1 1 1 1 2 1 1 1 8 5 3 2 1 1 1 1 1 2 1 1 1 3 2 1 1 1 1 1 13 8 5 3 2 1 1 1 1 1 2 1 1 1 3 2 1 1 1 1 1 5 3 2 1 1 1 1 1 2 1 1 1 22 13 8 5 3 2 1 1 1 1 1 2 1 1 1 3 2 1 1 1 1 1 5 3 2 1 1 1 1 1 2 1 1 1 9 5 3 2 1 1 1 1 1 2 1 1 1 4 2 1 1 1 2 1 1 94 56 34 21 13 8 5 3 2 1 1 1 1 1 2 1 1 1 3 2 1 1 1 1 1 5 3 2 1 1 1 1 1 2 1 1 1 8 5 3 2 1 1 1 1 1 2 1 1 1 3 2 1 1 1 1 1 13 8 5 3 2 1 1 1 1 1 2 1 1 1 3 2 1 1 1 1 1 5 3 2 1 1 1 1 1 2 1 1 1 22 13 8 5 3 2 1 1 1 1 1 2 1 1 1 3 2 1 1 1 1 1 5 3 2 1 1 1 1 1 2 1 1 1 9 5 3 2 1 1 1 1 1 2 1 1 1 4 2 1 1 1 2 1 1 38 22 13 8 5 3 2 1 1 1 1 1 2 1 1 1 3 2 1 1 1 1 1 5 3 2 1 1 1 1 1 2 1 1 1 9 5 3 2 1 1 1 1 1 2 1 1 1 4 2 1 1 1 2 1 1 16 9 5 3 2 1 1 1 1 1 2 1 1 1 4 2 1 1 1 2 1 1 7 4 2 1 1 1 2 1 1 3 2 1 1 1 1 149 94 56 34 21 13 8 5 3 2 1 1 1 1 1 2 1 1 1 3 2 1 1 1 1 1 5 3 2 1 1 1 1 1 2 1 1 1 8 5 3 2 1 1 1 1 1 2 1 1 1 3 2 1 1 1 1 1 13 8 5 3 2 1 1 1 1 1 2 1 1 1 3 2 1 1 1 1 1 5 3 2 1 1 1 1 1 2 1 1 1 22 13 8 5 3 2 1 1 1 1 1 2 1 1 1 3 2 1 1 1 1 1 5 3 2 1 1 1 1 1 2 1 1 1 9 5 3 2 1 1 1 1 1 2 1 1 1 4 2 1 1 1 2 1 1 38 22 13 8 5 3 2 1 1 1 1 1 2 1 1 1 3 2 1 1 1 1 1 5 3 2 1 1 1 1 1 2 1 1 1 9 5 3 2 1 1 1 1 1 2 1 1 1 4 2 1 1 1 2 1 1 16 9 5 3 2 1 1 1 1 1 2 1 1 1 4 2 1 1 1 2 1 1 7 4 2 1 1 1 2 1 1 3 2 1 1 1 1 56 37 22 13 8 5 3 2 1 1 1 1 1 2 1 1 1 3 2 1 1 1 1 1 5 3 2 1 1 1 1 1 2 1 1 1 9 5 3 2 1 1 1 1 1 2 1 1 1 4 2 1 1 1 2 1 1 15 9 5 3 2 1 1 1 1 1 2 1 1 1 4 2 1 1 1 2 1 1 6 4 2 1 1 1 2 1 1 2 2 1 1 1 22 13 8 5 3 2 1 1 1 1 1 2 1 1 1 3 2 1 1 1 1 1 5 3 2 1 1 1 1 1 2 1 1 1 9 5 3 2 1 1 1 1 1 2 1 1 1 4 2 1 1 1 2 1 1
999 389 239 145 89 55 34 21 13 8 5 2 1 1 1 3 2 1 1 1 1 1 5 3 2 1 1 1 1 1 2 1 1 1 8 5 3 2 1 1 1 1 1 2 1 1 1 3 2 1 1 1 1 1 13 8 5 3 2 1 1 1 1 1 2 1 1 1 3 2 1 1 1 1 1 5 3 2 1 1 1 1 1 2 1 1 1 21 13 8 5 3 2 1 1 1 1 1 2 1 1 1 3 2 1 1 1 1 1 5 3 2 1 1 1 1 1 2 1 1 1 8 5 3 2 1 1 1 1 1 2 1 1 1 3 2 1 1 1 1 1 34 21 13 8 5 3 2 1 1 1 1 1 2 1 1 1 3 2 1 1 1 1 1 5 3 2 1 1 1 1 1 2 1 1 1 8 5 3 2 1 1 1 1 1 2 1 1 1 3 2 1 1 1 1 1 13 8 5 3 2 1 1 1 1 1 2 1 1 1 3 2 1 1 1 1 1 5 3 2 1 1 1 1 1 2 1 1 1 56 34 21 13 8 5 3 2 1 1 1 1 1 2 1 1 1 3 2 1 1 1 1 1 5 3 2 1 1 1 1 1 2 1 1 1 8 5 3 2 1 1 1 1 1 2 1 1 1 3 2 1 1 1 1 1 13 8 5 3 2 1 1 1 1 1 2 1 1 1 3 2 1 1 1 1 1 5 3 2 1 1 1 1 1 2 1 1 1 22 13 8 5 3 2 1 1 1 1 1 2 1 1 1 3 2 1 1 1 1 1 5 3 2 1 1 1 1 1 2 1 1 1 9 5 3 2 1 1 1 1 1 2 1 1 1 4 2 1 1 1 2 1 1 94 56 34 21 13 8 5 3 2 1 1 1 1 1 2 1 1 1 3 2 1 1 1 1 1 5 3 2 1 1 1 1 1 2 1 1 1 8 5 3 2 1 1 1 1 1 2 1 1 1 3 2 1 1 1 1 1 13 8 5 3 2 1 1 1 1 1 2 1 1 1 3 2 1 1 1 1 1 5 3 2 1 1 1 1 1 2 1 1 1 22 13 8 5 3 2 1 1 1 1 1 2 1 1 1 3 2 1 1 1 1 1 5 3 2 1 1 1 1 1 2 1 1 1 9 5 3 2 1 1 1 1 1 2 1 1 1 4 2 1 1 1 2 1 1 38 22 13 8 5 3 2 1 1 1 1 1 2 1 1 1 3 2 1 1 1 1 1 5 3 2 1 1 1 1 1 2 1 1 1 9 5 3 2 1 1 1 1 1 2 1 1 1 4 2 1 1 1 2 1 1 16 9 5 3 2 1 1 1 1 1 2 1 1 1 4 2 1 1 1 2 1 1 7 4 2 1 1 1 2 1 1 3 2 1 1 1 1 150 94 56 34 21 13 8 5 3 2 1 1 1 1 1 2 1 1 1 3 2 1 1 1 1 1 5 3 2 1 1 1 1 1 2 1 1 1 8 5 3 2 1 1 1 1 1 2 1 1 1 3 2 1 1 1 1 1 13 8 5 3 2 1 1 1 1 1 2 1 1 1 3 2 1 1 1 1 1 5 3 2 1 1 1 1 1 2 1 1 1 22 13 8 5 3 2 1 1 1 1 1 2 1 1 1 3 2 1 1 1 1 1 5 3 2 1 1 1 1 1 2 1 1 1 9 5 3 2 1 1 1 1 1 2 1 1 1 4 2 1 1 1 2 1 1 38 22 13 8 5 3 2 1 1 1 1 1 2 1 1 1 3 2 1 1 1 1 1 5 3 2 1 1 1 1 1 2 1 1 1 9 5 3 2 1 1 1 1 1 2 1 1 1 4 2 1 1 1 2 1 1 16 9 5 3 2 1 1 1 1 1 2 1 1 1 4 2 1 1 1 2 1 1 7 4 2 1 1 1 2 1 1 3 2 1 1 1 1 56 38 22 13 8 5 3 2 1 1 1 1 1 2 1 1 1 3 2 1 1 1 1 1 5 3 2 1 1 1 1 1 2 1 1 1 9 5 3 2 1 1 1 1 1 2 1 1 1 4 2 1 1 1 2 1 1 16 9 5 3 2 1 1 1 1 1 2 1 1 1 4 2 1 1 1 2 1 1 7 4 2 1 1 1 2 1 1 3 2 1 1 1 1 22 13 8 5 3 2 1 1 1 1 1 2 1 1 1 3 2 1 1 1 1 1 5 3 2 1 1 1 1 1 2 1 1 1 9 5 3 2 1 1 1 1 1 2 1 1 1 4 2 1 1 1 2 1 1
1000 390 239 145 89 55 34 21 13 8 5 2 1 1 1 3 2 1 1 1 1 1 5 3 2 1 1 1 1 1 2 1 1 1 8 5 3 2 1 1 1 1 1 2 1 1 1 3 2 1 1 1 1 1 13 8 5 3 2 1 1 1 1 1 2 1 1 1 3 2 1 1 1 1 1 5 3 2 1 1 1 1 1 2 1 1 1 21 13 8 5 3 2 1 1 1 1 1 2 1 1 1 3 2 1 1 1 1 1 5 3 2 1 1 1 1 1 2 1 1 1 8 5 3 2 1 1 1 1 1 2 1 1 1 3 2 1 1 1 1 1 34 21 13 8 5 3 2 1 1 1 1 1 2 1 1 1 3 2 1 1 1 1 1 5 3 2 1 1 1 1 1 2 1 1 1 8 5 3 2 1 1 1 1 1 2 1 1 1 3 2 1 1 1 1 1 13 8 5 3 2 1 1 1 1 1 2 1 1 1 3 2 1 1 1 1 1 5 3 2 1 1 1 1 1 2 1 1 1 56 34 21 13 8 5 3 2 1 1 1 1 1 2 1 1 1 3 2 1 1 1 1 1 5 3 2 1 1 1 1 1 2 1 1 1 8 5 3 2 1 1 1 1 1 2 1 1 1 3 2 1 1 1 1 1 13 8 5 3 2 1 1 1 1 1 2 1 1 1 3 2 1 1 1 1 1 5 3 2 1 1 1 1 1 2 1 1 1 22 13 8 5 3 2 1 1 1 1 1 2 1 1 1 3 2 1 1 1 1 1 5 3 2 1 1 1 1 1 2 1 1 1 9 5 3 2 1 1 1 1 1 2 1 1 1 4 2 1 1 1 2 1 1 94 56 34 21 13 8 5 3 2 1 1 1 1 1 2 1 1 1 3 2 1 1 1 1 1 5 3 2 1 1 1 1 1 2 1 1 1 8 5 3 2 1 1 1 1 1 2 1 1 1 3 2 1 1 1 1 1 13 8 5 3 2 1 1 1 1 1 2 1 1 1 3 2 1 1 1 1 1 5 3 2 1 1 1 1 1 2 1 1 1 22 13 8 5 3 2 1 1 1 1 1 2 1 1 1 3 2 1 1 1 1 1 5 3 2 1 1 1 1 1 2 1 1 1 9 5 3 2 1 1 1 1 1 2 1 1 1 4 2 1 1 1 2 1 1 38 22 13 8 5 3 2 1 1 1 1 1 2 1 1 1 3 2 1 1 1 1 1 5 3 2 1 1 1 1 1 2 1 1 1 9 5 3 2 1 1 1 1 1 2 1 1 1 4 2 1 1 1 2 1 1 16 9 5 3 2 1 1 1 1 1 2 1 1 1 4 2 1 1 1 2 1 1 7 4 2 1 1 1 2 1 1 3 2 1 1 1 1 151 94 56 34 21 13 8 5 3 2 1 1 1 1 1 2 1 1 1 3 2 1 1 1 1 1 5 3 2 1 1 1 1 1 2 1 1 1 8 5 3 2 1 1 1 1 1 2 1 1 1 3 2 1 1 1 1 1 13 8 5 3 2 1 1 1 1 1 2 1 1 1 3 2 1 1 1 1 1 5 3 2 1 1 1 1 1 2 1 1 1 22 13 8 5 3 2 1 1 1 1 1 2 1 1 1 3 2 1 1 1 1 1 5 3 2 1 1 1 1 1 2 1 1 1 9 5 3 2 1 1 1 1 1 2 1 1 1 4 2 1 1 1 2 1 1 38 22 13 8 5 3 2 1 1 1 1 1 2 1 1 1 3 2 1 1 1 1 1 5 3 2 1 1 1 1 1 2 1 1 1 9 5 3 2 1 1 1 1 1 2 1 1 1 4 2 1 1 1 2 1 1 16 9 5 3 2 1 1 1 1 1 2 1 1 1 4 2 1 1 1 2 1 1 7 4 2 1 1 1 2 1 1 3 2 1 1 1 1 57 38 22 13 8 5 3 2 1 1 1 1 1 2 1 1 1 3 2 1 1 1 1 1 5 3 2 1 1 1 1 1 2 1 1 1 9 5 3 2 1 1 1 1 1 2 1 1 1 4 2 1 1 1 2 1 1 16 9 5 3 2 1 1 1 1 1 2 1 1 1 4 2 1 1 1 2 1 1 7 4 2 1 1 1 2 1 1 3 2 1 1 1 1 22 13 9 5 3 2 1 1 1 1 1 2 1 1 1 4 2 1 1 1 2 1 1 5 3 2 1 1 1 1 1 2 1 1 1 9 5 3 2 1 1 1 1 1 2 1 1 1 4 2 1 1 1 2 1 1
