# n [a_1, a_2, ..., a_n]
181 74 48 28 16 9 5 2 1 1 1 4 2 1 1 1 2 1 1 7 4 2 1 1 1 2 1 1 3 2 1 1 1 1 12 7 4 2 1 1 1 2 1 1 3 2 1 1 1 1 5 3 2 1 1 1 1 2 1 1 1 20 12 7 4 2 1 1 1 2 1 1 3 2 1 1 1 1 5 3 2 1 1 1 1 2 1 1 1 8 5 3 2 1 1 1 1 2 1 1 1 3 2 1 1 1 1 1 28 18 12 7 4 2 1 1 1 2 1 1 3 2 1 1 1 1 5 3 2 1 1 1 1 2 1 1 1 7 4 3 2 1 1 1 1 2 1 1 3 2 1 1 1 1 12 7 4 2 1 1 1 2 1 1 3 2 1 1 1 1 5 3 2 1 1 1 1 2 1 1 1
182 75 48 28 16 9 5 2 1 1 1 4 2 1 1 1 2 1 1 7 4 2 1 1 1 2 1 1 3 2 1 1 1 1 12 7 4 2 1 1 1 2 1 1 3 2 1 1 1 1 5 3 2 1 1 1 1 2 1 1 1 20 12 7 4 2 1 1 1 2 1 1 3 2 1 1 1 1 5 3 2 1 1 1 1 2 1 1 1 8 5 3 2 1 1 1 1 2 1 1 1 3 2 1 1 1 1 1 28 19 12 7 4 2 1 1 1 2 1 1 3 2 1 1 1 1 5 3 2 1 1 1 1 2 1 1 1 7 5 3 2 1 1 1 1 2 1 1 1 3 2 1 1 1 1 12 7 4 2 1 1 1 2 1 1 3 2 1 1 1 1 5 3 2 1 1 1 1 2 1 1 1
183 76 48 28 16 9 5 2 1 1 1 4 2 1 1 1 2 1 1 7 4 2 1 1 1 2 1 1 3 2 1 1 1 1 12 7 4 2 1 1 1 2 1 1 3 2 1 1 1 1 5 3 2 1 1 1 1 2 1 1 1 20 12 7 4 2 1 1 1 2 1 1 3 2 1 1 1 1 5 3 2 1 1 1 1 2 1 1 1 8 5 3 2 1 1 1 1 2 1 1 1 3 2 1 1 1 1 1 28 20 12 7 4 2 1 1 1 2 1 1 3 2 1 1 1 1 5 3 2 1 1 1 1 2 1 1 1 8 5 3 2 1 1 1 1 2 1 1 1 3 2 1 1 1 1 1 12 7 4 2 1 1 1 2 1 1 3 2 1 1 1 1 5 3 2 1 1 1 1 2 1 1 1
184 77 48 28 16 9 5 2 1 1 1 4 2 1 1 1 2 1 1 7 4 2 1 1 1 2 1 1 3 2 1 1 1 1 12 7 4 2 1 1 1 2 1 1 3 2 1 1 1 1 5 3 2 1 1 1 1 2 1 1 1 20 12 7 4 2 1 1 1 2 1 1 3 2 1 1 1 1 5 3 2 1 1 1 1 2 1 1 1 8 5 3 2 1 1 1 1 2 1 1 1 3 2 1 1 1 1 1 29 20 12 7 4 2 1 1 1 2 1 1 3 2 1 1 1 1 5 3 2 1 1 1 1 2 1 1 1 8 5 3 2 1 1 1 1 2 1 1 1 3 2 1 1 1 1 1 12 7 4 2 2 1 1 1 2 1 1 3 2 1 1 1 1 5 3 2 1 1 1 1 2 1 1 1
185 78 48 28 16 9 5 2 1 1 1 4 2 1 1 1 2 1 1 7 4 2 1 1 1 2 1 1 3 2 1 1 1 1 12 7 4 2 1 1 1 2 1 1 3 2 1 1 1 1 5 3 2 1 1 1 1 2 1 1 1 20 12 7 4 2 1 1 1 2 1 1 3 2 1 1 1 1 5 3 2 1 1 1 1 2 1 1 1 8 5 3 2 1 1 1 1 2 1 1 1 3 2 1 1 1 1 1 30 20 12 7 4 2 1 1 1 2 1 1 3 2 1 1 1 1 5 3 2 1 1 1 1 2 1 1 1 8 5 3 2 1 1 1 1 2 1 1 1 3 2 1 1 1 1 1 12 7 4 3 2 1 1 1 1 2 1 1 3 2 1 1 1 1 5 3 2 1 1 1 1 2 1 1 1
186 79 48 28 16 9 5 2 1 1 1 4 2 1 1 1 2 1 1 7 4 2 1 1 1 2 1 1 3 2 1 1 1 1 12 7 4 2 1 1 1 2 1 1 3 2 1 1 1 1 5 3 2 1 1 1 1 2 1 1 1 20 12 7 4 2 1 1 1 2 1 1 3 2 1 1 1 1 5 3 2 1 1 1 1 2 1 1 1 8 5 3 2 1 1 1 1 2 1 1 1 3 2 1 1 1 1 1 31 20 12 7 4 2 1 1 1 2 1 1 3 2 1 1 1 1 5 3 2 1 1 1 1 2 1 1 1 8 5 3 2 1 1 1 1 2 1 1 1 3 2 1 1 1 1 1 12 7 5 3 2 1 1 1 1 2 1 1 1 3 2 1 1 1 1 5 3 2 1 1 1 1 2 1 1 1
187 80 48 28 16 9 5 2 1 1 1 4 2 1 1 1 2 1 1 7 4 2 1 1 1 2 1 1 3 2 1 1 1 1 12 7 4 2 1 1 1 2 1 1 3 2 1 1 1 1 5 3 2 1 1 1 1 2 1 1 1 20 12 7 4 2 1 1 1 2 1 1 3 2 1 1 1 1 5 3 2 1 1 1 1 2 1 1 1 8 5 3 2 1 1 1 1 2 1 1 1 3 2 1 1 1 1 1 32 20 12 7 4 2 1 1 1 2 1 1 3 2 1 1 1 1 5 3 2 1 1 1 1 2 1 1 1 8 5 3 2 1 1 1 1 2 1 1 1 3 2 1 1 1 1 1 12 8 5 3 2 1 1 1 1 2 1 1 1 3 2 1 1 1 1 1 5 3 2 1 1 1 1 2 1 1 1
188 81 48 28 16 9 5 2 1 1 1 4 2 1 1 1 2 1 1 7 4 2 1 1 1 2 1 1 3 2 1 1 1 1 12 7 4 2 1 1 1 2 1 1 3 2 1 1 1 1 5 3 2 1 1 1 1 2 1 1 1 20 12 7 4 2 1 1 1 2 1 1 3 2 1 1 1 1 5 3 2 1 1 1 1 2 1 1 1 8 5 3 2 1 1 1 1 2 1 1 1 3 2 1 1 1 1 1 33 20 12 7 4 2 1 1 1 2 1 1 3 2 1 1 1 1 5 3 2 1 1 1 1 2 1 1 1 8 5 3 2 1 1 1 1 2 1 1 1 3 2 1 1 1 1 1 13 8 5 3 2 1 1 1 1 2 1 1 1 3 2 1 1 1 1 1 5 3 2 1 1 1 1 1 2 1 1 1
189 81 48 28 16 9 6 2 2 1 1 1 4 2 1 1 1 2 1 1 7 4 2 1 1 1 2 1 1 3 2 1 1 1 1 12 7 4 2 1 1 1 2 1 1 3 2 1 1 1 1 5 3 2 1 1 1 1 2 1 1 1 20 12 7 4 2 1 1 1 2 1 1 3 2 1 1 1 1 5 3 2 1 1 1 1 2 1 1 1 8 5 3 2 1 1 1 1 2 1 1 1 3 2 1 1 1 1 1 33 20 12 7 4 2 1 1 1 2 1 1 3 2 1 1 1 1 5 3 2 1 1 1 1 2 1 1 1 8 5 3 2 1 1 1 1 2 1 1 1 3 2 1 1 1 1 1 13 8 5 3 2 1 1 1 1 2 1 1 1 3 2 1 1 1 1 1 5 3 2 1 1 1 1 1 2 1 1 1
190 81 48 28 16 9 7 3 2 1 1 1 1 4 2 1 1 1 2 1 1 7 4 2 1 1 1 2 1 1 3 2 1 1 1 1 12 7 4 2 1 1 1 2 1 1 3 2 1 1 1 1 5 3 2 1 1 1 1 2 1 1 1 20 12 7 4 2 1 1 1 2 1 1 3 2 1 1 1 1 5 3 2 1 1 1 1 2 1 1 1 8 5 3 2 1 1 1 1 2 1 1 1 3 2 1 1 1 1 1 33 20 12 7 4 2 1 1 1 2 1 1 3 2 1 1 1 1 5 3 2 1 1 1 1 2 1 1 1 8 5 3 2 1 1 1 1 2 1 1 1 3 2 1 1 1 1 1 13 8 5 3 2 1 1 1 1 2 1 1 1 3 2 1 1 1 1 1 5 3 2 1 1 1 1 1 2 1 1 1
191 81 48 28 16 10 7 3 2 1 1 1 1 4 2 2 1 1 1 2 1 1 7 4 2 1 1 1 2 1 1 3 2 1 1 1 1 12 7 4 2 1 1 1 2 1 1 3 2 1 1 1 1 5 3 2 1 1 1 1 2 1 1 1 20 12 7 4 2 1 1 1 2 1 1 3 2 1 1 1 1 5 3 2 1 1 1 1 2 1 1 1 8 5 3 2 1 1 1 1 2 1 1 1 3 2 1 1 1 1 1 33 20 12 7 4 2 1 1 1 2 1 1 3 2 1 1 1 1 5 3 2 1 1 1 1 2 1 1 1 8 5 3 2 1 1 1 1 2 1 1 1 3 2 1 1 1 1 1 13 8 5 3 2 1 1 1 1 2 1 1 1 3 2 1 1 1 1 1 5 3 2 1 1 1 1 1 2 1 1 1
192 81 48 28 16 11 7 3 2 1 1 1 1 4 3 2 1 1 1 1 2 1 1 7 4 2 1 1 1 2 1 1 3 2 1 1 1 1 12 7 4 2 1 1 1 2 1 1 3 2 1 1 1 1 5 3 2 1 1 1 1 2 1 1 1 20 12 7 4 2 1 1 1 2 1 1 3 2 1 1 1 1 5 3 2 1 1 1 1 2 1 1 1 8 5 3 2 1 1 1 1 2 1 1 1 3 2 1 1 1 1 1 33 20 12 7 4 2 1 1 1 2 1 1 3 2 1 1 1 1 5 3 2 1 1 1 1 2 1 1 1 8 5 3 2 1 1 1 1 2 1 1 1 3 2 1 1 1 1 1 13 8 5 3 2 1 1 1 1 2 1 1 1 3 2 1 1 1 1 1 5 3 2 1 1 1 1 1 2 1 1 1
193 81 48 28 16 12 7 3 2 1 1 1 1 5 3 2 1 1 1 1 2 1 1 1 7 4 2 1 1 1 2 1 1 3 2 1 1 1 1 12 7 4 2 1 1 1 2 1 1 3 2 1 1 1 1 5 3 2 1 1 1 1 2 1 1 1 20 12 7 4 2 1 1 1 2 1 1 3 2 1 1 1 1 5 3 2 1 1 1 1 2 1 1 1 8 5 3 2 1 1 1 1 2 1 1 1 3 2 1 1 1 1 1 33 20 12 7 4 2 1 1 1 2 1 1 3 2 1 1 1 1 5 3 2 1 1 1 1 2 1 1 1 8 5 3 2 1 1 1 1 2 1 1 1 3 2 1 1 1 1 1 13 8 5 3 2 1 1 1 1 2 1 1 1 3 2 1 1 1 1 1 5 3 2 1 1 1 1 1 2 1 1 1
194 81 48 28 17 12 7 3 2 1 1 1 1 5 3 2 1 1 1 1 2 1 1 1 7 4 2 2 1 1 1 2 1 1 3 2 1 1 1 1 12 7 4 2 1 1 1 2 1 1 3 2 1 1 1 1 5 3 2 1 1 1 1 2 1 1 1 20 12 7 4 2 1 1 1 2 1 1 3 2 1 1 1 1 5 3 2 1 1 1 1 2 1 1 1 8 5 3 2 1 1 1 1 2 1 1 1 3 2 1 1 1 1 1 33 20 12 7 4 2 1 1 1 2 1 1 3 2 1 1 1 1 5 3 2 1 1 1 1 2 1 1 1 8 5 3 2 1 1 1 1 2 1 1 1 3 2 1 1 1 1 1 13 8 5 3 2 1 1 1 1 2 1 1 1 3 2 1 1 1 1 1 5 3 2 1 1 1 1 1 2 1 1 1
195 81 48 28 18 12 7 3 2 1 1 1 1 5 3 2 1 1 1 1 2 1 1 1 7 4 3 2 1 1 1 1 2 1 1 3 2 1 1 1 1 12 7 4 2 1 1 1 2 1 1 3 2 1 1 1 1 5 3 2 1 1 1 1 2 1 1 1 20 12 7 4 2 1 1 1 2 1 1 3 2 1 1 1 1 5 3 2 1 1 1 1 2 1 1 1 8 5 3 2 1 1 1 1 2 1 1 1 3 2 1 1 1 1 1 33 20 12 7 4 2 1 1 1 2 1 1 3 2 1 1 1 1 5 3 2 1 1 1 1 2 1 1 1 8 5 3 2 1 1 1 1 2 1 1 1 3 2 1 1 1 1 1 13 8 5 3 2 1 1 1 1 2 1 1 1 3 2 1 1 1 1 1 5 3 2 1 1 1 1 1 2 1 1 1
196 81 48 28 19 12 7 3 2 1 1 1 1 5 3 2 1 1 1 1 2 1 1 1 7 5 3 2 1 1 1 1 2 1 1 1 3 2 1 1 1 1 12 7 4 2 1 1 1 2 1 1 3 2 1 1 1 1 5 3 2 1 1 1 1 2 1 1 1 20 12 7 4 2 1 1 1 2 1 1 3 2 1 1 1 1 5 3 2 1 1 1 1 2 1 1 1 8 5 3 2 1 1 1 1 2 1 1 1 3 2 1 1 1 1 1 33 20 12 7 4 2 1 1 1 2 1 1 3 2 1 1 1 1 5 3 2 1 1 1 1 2 1 1 1 8 5 3 2 1 1 1 1 2 1 1 1 3 2 1 1 1 1 1 13 8 5 3 2 1 1 1 1 2 1 1 1 3 2 1 1 1 1 1 5 3 2 1 1 1 1 1 2 1 1 1
108 48 28 16 9 6 2 2 1 1 1 4 2 1 1 1 2 1 1 7 4 2 1 1 1 2 1 1 3 2 1 1 1 1 12 7 4 2 1 1 1 2 1 1 3 2 1 1 1 1 5 3 2 1 1 1 1 2 1 1 1 20 12 7 4 2 1 1 1 2 1 1 3 2 1 1 1 1 5 3 2 1 1 1 1 2 1 1 1 8 5 3 2 1 1 1 1 2 1 1 1 3 2 1 1 1 1 1
109 48 28 16 9 7 3 2 1 1 1 1 4 2 1 1 1 2 1 1 7 4 2 1 1 1 2 1 1 3 2 1 1 1 1 12 7 4 2 1 1 1 2 1 1 3 2 1 1 1 1 5 3 2 1 1 1 1 2 1 1 1 20 12 7 4 2 1 1 1 2 1 1 3 2 1 1 1 1 5 3 2 1 1 1 1 2 1 1 1 8 5 3 2 1 1 1 1 2 1 1 1 3 2 1 1 1 1 1
110 48 28 16 10 7 3 2 1 1 1 1 4 2 2 1 1 1 2 1 1 7 4 2 1 1 1 2 1 1 3 2 1 1 1 1 12 7 4 2 1 1 1 2 1 1 3 2 1 1 1 1 5 3 2 1 1 1 1 2 1 1 1 20 12 7 4 2 1 1 1 2 1 1 3 2 1 1 1 1 5 3 2 1 1 1 1 2 1 1 1 8 5 3 2 1 1 1 1 2 1 1 1 3 2 1 1 1 1 1
111 48 28 16 11 7 3 2 1 1 1 1 4 3 2 1 1 1 1 2 1 1 7 4 2 1 1 1 2 1 1 3 2 1 1 1 1 12 7 4 2 1 1 1 2 1 1 3 2 1 1 1 1 5 3 2 1 1 1 1 2 1 1 1 20 12 7 4 2 1 1 1 2 1 1 3 2 1 1 1 1 5 3 2 1 1 1 1 2 1 1 1 8 5 3 2 1 1 1 1 2 1 1 1 3 2 1 1 1 1 1
112 48 28 16 12 7 3 2 1 1 1 1 5 3 2 1 1 1 1 2 1 1 1 7 4 2 1 1 1 2 1 1 3 2 1 1 1 1 12 7 4 2 1 1 1 2 1 1 3 2 1 1 1 1 5 3 2 1 1 1 1 2 1 1 1 20 12 7 4 2 1 1 1 2 1 1 3 2 1 1 1 1 5 3 2 1 1 1 1 2 1 1 1 8 5 3 2 1 1 1 1 2 1 1 1 3 2 1 1 1 1 1
113 48 28 17 12 7 3 2 1 1 1 1 5 3 2 1 1 1 1 2 1 1 1 7 4 2 2 1 1 1 2 1 1 3 2 1 1 1 1 12 7 4 2 1 1 1 2 1 1 3 2 1 1 1 1 5 3 2 1 1 1 1 2 1 1 1 20 12 7 4 2 1 1 1 2 1 1 3 2 1 1 1 1 5 3 2 1 1 1 1 2 1 1 1 8 5 3 2 1 1 1 1 2 1 1 1 3 2 1 1 1 1 1
114 48 28 18 12 7 3 2 1 1 1 1 5 3 2 1 1 1 1 2 1 1 1 7 4 3 2 1 1 1 1 2 1 1 3 2 1 1 1 1 12 7 4 2 1 1 1 2 1 1 3 2 1 1 1 1 5 3 2 1 1 1 1 2 1 1 1 20 12 7 4 2 1 1 1 2 1 1 3 2 1 1 1 1 5 3 2 1 1 1 1 2 1 1 1 8 5 3 2 1 1 1 1 2 1 1 1 3 2 1 1 1 1 1
115 48 28 19 12 7 3 2 1 1 1 1 5 3 2 1 1 1 1 2 1 1 1 7 5 3 2 1 1 1 1 2 1 1 1 3 2 1 1 1 1 12 7 4 2 1 1 1 2 1 1 3 2 1 1 1 1 5 3 2 1 1 1 1 2 1 1 1 20 12 7 4 2 1 1 1 2 1 1 3 2 1 1 1 1 5 3 2 1 1 1 1 2 1 1 1 8 5 3 2 1 1 1 1 2 1 1 1 3 2 1 1 1 1 1
116 48 28 20 12 7 3 2 1 1 1 1 5 3 2 1 1 1 1 2 1 1 1 8 5 3 2 1 1 1 1 2 1 1 1 3 2 1 1 1 1 1 12 7 4 2 1 1 1 2 1 1 3 2 1 1 1 1 5 3 2 1 1 1 1 2 1 1 1 20 12 7 4 2 1 1 1 2 1 1 3 2 1 1 1 1 5 3 2 1 1 1 1 2 1 1 1 8 5 3 2 1 1 1 1 2 1 1 1 3 2 1 1 1 1 1
117 48 29 20 12 7 3 2 1 1 1 1 5 3 2 1 1 1 1 2 1 1 1 8 5 3 2 1 1 1 1 2 1 1 1 3 2 1 1 1 1 1 12 7 4 2 2 1 1 1 2 1 1 3 2 1 1 1 1 5 3 2 1 1 1 1 2 1 1 1 20 12 7 4 2 1 1 1 2 1 1 3 2 1 1 1 1 5 3 2 1 1 1 1 2 1 1 1 8 5 3 2 1 1 1 1 2 1 1 1 3 2 1 1 1 1 1
118 48 30 20 12 7 3 2 1 1 1 1 5 3 2 1 1 1 1 2 1 1 1 8 5 3 2 1 1 1 1 2 1 1 1 3 2 1 1 1 1 1 12 7 4 3 2 1 1 1 1 2 1 1 3 2 1 1 1 1 5 3 2 1 1 1 1 2 1 1 1 20 12 7 4 2 1 1 1 2 1 1 3 2 1 1 1 1 5 3 2 1 1 1 1 2 1 1 1 8 5 3 2 1 1 1 1 2 1 1 1 3 2 1 1 1 1 1
119 48 31 20 12 7 3 2 1 1 1 1 5 3 2 1 1 1 1 2 1 1 1 8 5 3 2 1 1 1 1 2 1 1 1 3 2 1 1 1 1 1 12 7 5 3 2 1 1 1 1 2 1 1 1 3 2 1 1 1 1 5 3 2 1 1 1 1 2 1 1 1 20 12 7 4 2 1 1 1 2 1 1 3 2 1 1 1 1 5 3 2 1 1 1 1 2 1 1 1 8 5 3 2 1 1 1 1 2 1 1 1 3 2 1 1 1 1 1
120 48 32 20 12 7 3 2 1 1 1 1 5 3 2 1 1 1 1 2 1 1 1 8 5 3 2 1 1 1 1 2 1 1 1 3 2 1 1 1 1 1 12 8 5 3 2 1 1 1 1 2 1 1 1 3 2 1 1 1 1 1 5 3 2 1 1 1 1 2 1 1 1 20 12 7 4 2 1 1 1 2 1 1 3 2 1 1 1 1 5 3 2 1 1 1 1 2 1 1 1 8 5 3 2 1 1 1 1 2 1 1 1 3 2 1 1 1 1 1
121 48 33 20 12 7 3 2 1 1 1 1 5 3 2 1 1 1 1 2 1 1 1 8 5 3 2 1 1 1 1 2 1 1 1 3 2 1 1 1 1 1 13 8 5 3 2 1 1 1 1 2 1 1 1 3 2 1 1 1 1 1 5 3 2 1 1 1 1 1 2 1 1 1 20 12 7 4 2 1 1 1 2 1 1 3 2 1 1 1 1 5 3 2 1 1 1 1 2 1 1 1 8 5 3 2 1 1 1 1 2 1 1 1 3 2 1 1 1 1 1
122 49 33 20 12 7 3 2 1 1 1 1 5 3 2 1 1 1 1 2 1 1 1 8 5 3 2 1 1 1 1 2 1 1 1 3 2 1 1 1 1 1 13 8 5 3 2 1 1 1 1 2 1 1 1 3 2 1 1 1 1 1 5 3 2 1 1 1 1 1 2 1 1 1 20 12 7 4 2 2 1 1 1 2 1 1 3 2 1 1 1 1 5 3 2 1 1 1 1 2 1 1 1 8 5 3 2 1 1 1 1 2 1 1 1 3 2 1 1 1 1 1
123 50 33 20 12 7 3 2 1 1 1 1 5 3 2 1 1 1 1 2 1 1 1 8 5 3 2 1 1 1 1 2 1 1 1 3 2 1 1 1 1 1 13 8 5 3 2 1 1 1 1 2 1 1 1 3 2 1 1 1 1 1 5 3 2 1 1 1 1 1 2 1 1 1 20 12 7 4 3 2 1 1 1 1 2 1 1 3 2 1 1 1 1 5 3 2 1 1 1 1 2 1 1 1 8 5 3 2 1 1 1 1 2 1 1 1 3 2 1 1 1 1 1
