# n [a_1, a_2, ..., a_n]
370 144 89 55 34 21 13 8 5 2 1 1 1 3 2 1 1 1 1 1 5 3 2 1 1 1 1 1 2 1 1 1 8 5 3 2 1 1 1 1 1 2 1 1 1 3 2 1 1 1 1 1 13 8 5 3 2 1 1 1 1 1 2 1 1 1 3 2 1 1 1 1 1 5 3 2 1 1 1 1 1 2 1 1 1 21 13 8 5 3 2 1 1 1 1 1 2 1 1 1 3 2 1 1 1 1 1 5 3 2 1 1 1 1 1 2 1 1 1 8 5 3 2 1 1 1 1 1 2 1 1 1 3 2 1 1 1 1 1 34 21 13 8 5 3 2 1 1 1 1 1 2 1 1 1 3 2 1 1 1 1 1 5 3 2 1 1 1 1 1 2 1 1 1 8 5 3 2 1 1 1 1 1 2 1 1 1 3 2 1 1 1 1 1 13 8 5 3 2 1 1 1 1 1 2 1 1 1 3 2 1 1 1 1 1 5 3 2 1 1 1 1 1 2 1 1 1 55 34 21 13 8 5 3 2 1 1 1 1 1 2 1 1 1 3 2 1 1 1 1 1 5 3 2 1 1 1 1 1 2 1 1 1 8 5 3 2 1 1 1 1 1 2 1 1 1 3 2 1 1 1 1 1 13 8 5 3 2 1 1 1 1 1 2 1 1 1 3 2 1 1 1 1 1 5 3 2 1 1 1 1 1 2 1 1 1 21 13 8 5 3 2 1 1 1 1 1 2 1 1 1 3 2 1 1 1 1 1 5 3 2 1 1 1 1 1 2 1 1 1 8 5 3 2 1 1 1 1 1 2 1 1 1 3 2 1 1 1 1 1
371 145 89 55 34 21 13 8 5 2 1 1 1 3 2 1 1 1 1 1 5 3 2 1 1 1 1 1 2 1 1 1 8 5 3 2 1 1 1 1 1 2 1 1 1 3 2 1 1 1 1 1 13 8 5 3 2 1 1 1 1 1 2 1 1 1 3 2 1 1 1 1 1 5 3 2 1 1 1 1 1 2 1 1 1 21 13 8 5 3 2 1 1 1 1 1 2 1 1 1 3 2 1 1 1 1 1 5 3 2 1 1 1 1 1 2 1 1 1 8 5 3 2 1 1 1 1 1 2 1 1 1 3 2 1 1 1 1 1 34 21 13 8 5 3 2 1 1 1 1 1 2 1 1 1 3 2 1 1 1 1 1 5 3 2 1 1 1 1 1 2 1 1 1 8 5 3 2 1 1 1 1 1 2 1 1 1 3 2 1 1 1 1 1 13 8 5 3 2 1 1 1 1 1 2 1 1 1 3 2 1 1 1 1 1 5 3 2 1 1 1 1 1 2 1 1 1 56 34 21 13 8 5 3 2 1 1 1 1 1 2 1 1 1 3 2 1 1 1 1 1 5 3 2 1 1 1 1 1 2 1 1 1 8 5 3 2 1 1 1 1 1 2 1 1 1 3 2 1 1 1 1 1 13 8 5 3 2 1 1 1 1 1 2 1 1 1 3 2 1 1 1 1 1 5 3 2 1 1 1 1 1 2 1 1 1 22 13 8 5 3 2 1 1 1 1 1 2 1 1 1 3 2 1 1 1 1 1 5 3 2 1 1 1 1 1 2 1 1 1 9 5 3 2 1 1 1 1 1 2 1 1 1 4 2 1 1 1 2 1 1
372 145 89 56 34 21 13 8 5 2 1 1 1 3 2 1 1 1 1 1 5 3 2 1 1 1 1 1 2 1 1 1 8 5 3 2 1 1 1 1 1 2 1 1 1 3 2 1 1 1 1 1 13 8 5 3 2 1 1 1 1 1 2 1 1 1 3 2 1 1 1 1 1 5 3 2 1 1 1 1 1 2 1 1 1 22 13 8 5 3 2 1 1 1 1 1 2 1 1 1 3 2 1 1 1 1 1 5 3 2 1 1 1 1 1 2 1 1 1 9 5 3 2 1 1 1 1 1 2 1 1 1 4 2 1 1 1 2 1 1 34 21 13 8 5 3 2 1 1 1 1 1 2 1 1 1 3 2 1 1 1 1 1 5 3 2 1 1 1 1 1 2 1 1 1 8 5 3 2 1 1 1 1 1 2 1 1 1 3 2 1 1 1 1 1 13 8 5 3 2 1 1 1 1 1 2 1 1 1 3 2 1 1 1 1 1 5 3 2 1 1 1 1 1 2 1 1 1 56 34 21 13 8 5 3 2 1 1 1 1 1 2 1 1 1 3 2 1 1 1 1 1 5 3 2 1 1 1 1 1 2 1 1 1 8 5 3 2 1 1 1 1 1 2 1 1 1 3 2 1 1 1 1 1 13 8 5 3 2 1 1 1 1 1 2 1 1 1 3 2 1 1 1 1 1 5 3 2 1 1 1 1 1 2 1 1 1 22 13 8 5 3 2 1 1 1 1 1 2 1 1 1 3 2 1 1 1 1 1 5 3 2 1 1 1 1 1 2 1 1 1 9 5 3 2 1 1 1 1 1 2 1 1 1 4 2 1 1 1 2 1 1
373 145 90 56 34 21 13 8 5 2 1 1 1 3 2 1 1 1 1 1 5 3 2 1 1 1 1 1 2 1 1 1 8 5 3 2 1 1 1 1 1 2 1 1 1 3 2 1 1 1 1 1 13 8 5 3 2 1 1 1 1 1 2 1 1 1 3 2 1 1 1 1 1 5 3 2 1 1 1 1 1 2 1 1 1 22 13 8 5 3 2 1 1 1 1 1 2 1 1 1 3 2 1 1 1 1 1 5 3 2 1 1 1 1 1 2 1 1 1 9 5 3 2 1 1 1 1 1 2 1 1 1 4 2 1 1 1 2 1 1 34 22 13 8 5 3 2 1 1 1 1 1 2 1 1 1 3 2 1 1 1 1 1 5 3 2 1 1 1 1 1 2 1 1 1 9 5 3 2 1 1 1 1 1 2 1 1 1 4 2 1 1 1 2 1 1 13 8 5 3 2 1 1 1 1 1 2 1 1 1 3 2 1 1 1 1 1 5 3 2 1 1 1 1 1 2 1 1 1 56 34 21 13 8 5 3 2 1 1 1 1 1 2 1 1 1 3 2 1 1 1 1 1 5 3 2 1 1 1 1 1 2 1 1 1 8 5 3 2 1 1 1 1 1 2 1 1 1 3 2 1 1 1 1 1 13 8 5 3 2 1 1 1 1 1 2 1 1 1 3 2 1 1 1 1 1 5 3 2 1 1 1 1 1 2 1 1 1 22 13 8 5 3 2 1 1 1 1 1 2 1 1 1 3 2 1 1 1 1 1 5 3 2 1 1 1 1 1 2 1 1 1 9 5 3 2 1 1 1 1 1 2 1 1 1 4 2 1 1 1 2 1 1
374 145 91 56 34 21 13 8 5 2 1 1 1 3 2 1 1 1 1 1 5 3 2 1 1 1 1 1 2 1 1 1 8 5 3 2 1 1 1 1 1 2 1 1 1 3 2 1 1 1 1 1 13 8 5 3 2 1 1 1 1 1 2 1 1 1 3 2 1 1 1 1 1 5 3 2 1 1 1 1 1 2 1 1 1 22 13 8 5 3 2 1 1 1 1 1 2 1 1 1 3 2 1 1 1 1 1 5 3 2 1 1 1 1 1 2 1 1 1 9 5 3 2 1 1 1 1 1 2 1 1 1 4 2 1 1 1 2 1 1 35 22 13 8 5 3 2 1 1 1 1 1 2 1 1 1 3 2 1 1 1 1 1 5 3 2 1 1 1 1 1 2 1 1 1 9 5 3 2 1 1 1 1 1 2 1 1 1 4 2 1 1 1 2 1 1 13 9 5 3 2 1 1 1 1 1 2 1 1 1 4 2 1 1 1 2 1 1 5 3 2 1 1 1 1 1 2 1 1 1 56 34 21 13 8 5 3 2 1 1 1 1 1 2 1 1 1 3 2 1 1 1 1 1 5 3 2 1 1 1 1 1 2 1 1 1 8 5 3 2 1 1 1 1 1 2 1 1 1 3 2 1 1 1 1 1 13 8 5 3 2 1 1 1 1 1 2 1 1 1 3 2 1 1 1 1 1 5 3 2 1 1 1 1 1 2 1 1 1 22 13 8 5 3 2 1 1 1 1 1 2 1 1 1 3 2 1 1 1 1 1 5 3 2 1 1 1 1 1 2 1 1 1 9 5 3 2 1 1 1 1 1 2 1 1 1 4 2 1 1 1 2 1 1
375 145 92 56 34 21 13 8 5 2 1 1 1 3 2 1 1 1 1 1 5 3 2 1 1 1 1 1 2 1 1 1 8 5 3 2 1 1 1 1 1 2 1 1 1 3 2 1 1 1 1 1 13 8 5 3 2 1 1 1 1 1 2 1 1 1 3 2 1 1 1 1 1 5 3 2 1 1 1 1 1 2 1 1 1 22 13 8 5 3 2 1 1 1 1 1 2 1 1 1 3 2 1 1 1 1 1 5 3 2 1 1 1 1 1 2 1 1 1 9 5 3 2 1 1 1 1 1 2 1 1 1 4 2 1 1 1 2 1 1 36 22 13 8 5 3 2 1 1 1 1 1 2 1 1 1 3 2 1 1 1 1 1 5 3 2 1 1 1 1 1 2 1 1 1 9 5 3 2 1 1 1 1 1 2 1 1 1 4 2 1 1 1 2 1 1 14 9 5 3 2 1 1 1 1 1 2 1 1 1 4 2 1 1 1 2 1 1 5 4 2 1 1 1 2 1 1 2 1 1 1 56 34 21 13 8 5 3 2 1 1 1 1 1 2 1 1 1 3 2 1 1 1 1 1 5 3 2 1 1 1 1 1 2 1 1 1 8 5 3 2 1 1 1 1 1 2 1 1 1 3 2 1 1 1 1 1 13 8 5 3 2 1 1 1 1 1 2 1 1 1 3 2 1 1 1 1 1 5 3 2 1 1 1 1 1 2 1 1 1 22 13 8 5 3 2 1 1 1 1 1 2 1 1 1 3 2 1 1 1 1 1 5 3 2 1 1 1 1 1 2 1 1 1 9 5 3 2 1 1 1 1 1 2 1 1 1 4 2 1 1 1 2 1 1
376 145 93 56 34 21 13 8 5 2 1 1 1 3 2 1 1 1 1 1 5 3 2 1 1 1 1 1 2 1 1 1 8 5 3 2 1 1 1 1 1 2 1 1 1 3 2 1 1 1 1 1 13 8 5 3 2 1 1 1 1 1 2 1 1 1 3 2 1 1 1 1 1 5 3 2 1 1 1 1 1 2 1 1 1 22 13 8 5 3 2 1 1 1 1 1 2 1 1 1 3 2 1 1 1 1 1 5 3 2 1 1 1 1 1 2 1 1 1 9 5 3 2 1 1 1 1 1 2 1 1 1 4 2 1 1 1 2 1 1 37 22 13 8 5 3 2 1 1 1 1 1 2 1 1 1 3 2 1 1 1 1 1 5 3 2 1 1 1 1 1 2 1 1 1 9 5 3 2 1 1 1 1 1 2 1 1 1 4 2 1 1 1 2 1 1 15 9 5 3 2 1 1 1 1 1 2 1 1 1 4 2 1 1 1 2 1 1 6 4 2 1 1 1 2 1 1 2 2 1 1 1 56 34 21 13 8 5 3 2 1 1 1 1 1 2 1 1 1 3 2 1 1 1 1 1 5 3 2 1 1 1 1 1 2 1 1 1 8 5 3 2 1 1 1 1 1 2 1 1 1 3 2 1 1 1 1 1 13 8 5 3 2 1 1 1 1 1 2 1 1 1 3 2 1 1 1 1 1 5 3 2 1 1 1 1 1 2 1 1 1 22 13 8 5 3 2 1 1 1 1 1 2 1 1 1 3 2 1 1 1 1 1 5 3 2 1 1 1 1 1 2 1 1 1 9 5 3 2 1 1 1 1 1 2 1 1 1 4 2 1 1 1 2 1 1
377 145 94 56 34 21 13 8 5 2 1 1 1 3 2 1 1 1 1 1 5 3 2 1 1 1 1 1 2 1 1 1 8 5 3 2 1 1 1 1 1 2 1 1 1 3 2 1 1 1 1 1 13 8 5 3 2 1 1 1 1 1 2 1 1 1 3 2 1 1 1 1 1 5 3 2 1 1 1 1 1 2 1 1 1 22 13 8 5 3 2 1 1 1 1 1 2 1 1 1 3 2 1 1 1 1 1 5 3 2 1 1 1 1 1 2 1 1 1 9 5 3 2 1 1 1 1 1 2 1 1 1 4 2 1 1 1 2 1 1 38 22 13 8 5 3 2 1 1 1 1 1 2 1 1 1 3 2 1 1 1 1 1 5 3 2 1 1 1 1 1 2 1 1 1 9 5 3 2 1 1 1 1 1 2 1 1 1 4 2 1 1 1 2 1 1 16 9 5 3 2 1 1 1 1 1 2 1 1 1 4 2 1 1 1 2 1 1 7 4 2 1 1 1 2 1 1 3 2 1 1 1 1 56 34 21 13 8 5 3 2 1 1 1 1 1 2 1 1 1 3 2 1 1 1 1 1 5 3 2 1 1 1 1 1 2 1 1 1 8 5 3 2 1 1 1 1 1 2 1 1 1 3 2 1 1 1 1 1 13 8 5 3 2 1 1 1 1 1 2 1 1 1 3 2 1 1 1 1 1 5 3 2 1 1 1 1 1 2 1 1 1 22 13 8 5 3 2 1 1 1 1 1 2 1 1 1 3 2 1 1 1 1 1 5 3 2 1 1 1 1 1 2 1 1 1 9 5 3 2 1 1 1 1 1 2 1 1 1 4 2 1 1 1 2 1 1
378 146 94 56 34 21 13 8 5 2 1 1 1 3 2 1 1 1 1 1 5 3 2 1 1 1 1 1 2 1 1 1 8 5 3 2 1 1 1 1 1 2 1 1 1 3 2 1 1 1 1 1 13 8 5 3 2 1 1 1 1 1 2 1 1 1 3 2 1 1 1 1 1 5 3 2 1 1 1 1 1 2 1 1 1 22 13 8 5 3 2 1 1 1 1 1 2 1 1 1 3 2 1 1 1 1 1 5 3 2 1 1 1 1 1 2 1 1 1 9 5 3 2 1 1 1 1 1 2 1 1 1 4 2 1 1 1 2 1 1 38 22 13 8 5 3 2 1 1 1 1 1 2 1 1 1 3 2 1 1 1 1 1 5 3 2 1 1 1 1 1 2 1 1 1 9 5 3 2 1 1 1 1 1 2 1 1 1 4 2 1 1 1 2 1 1 16 9 5 3 2 1 1 1 1 1 2 1 1 1 4 2 1 1 1 2 1 1 7 4 2 1 1 1 2 1 1 3 2 1 1 1 1 56 34 22 13 8 5 3 2 1 1 1 1 1 2 1 1 1 3 2 1 1 1 1 1 5 3 2 1 1 1 1 1 2 1 1 1 9 5 3 2 1 1 1 1 1 2 1 1 1 4 2 1 1 1 2 1 1 13 8 5 3 2 1 1 1 1 1 2 1 1 1 3 2 1 1 1 1 1 5 3 2 1 1 1 1 1 2 1 1 1 22 13 8 5 3 2 1 1 1 1 1 2 1 1 1 3 2 1 1 1 1 1 5 3 2 1 1 1 1 1 2 1 1 1 9 5 3 2 1 1 1 1 1 2 1 1 1 4 2 1 1 1 2 1 1
379 147 94 56 34 21 13 8 5 2 1 1 1 3 2 1 1 1 1 1 5 3 2 1 1 1 1 1 2 1 1 1 8 5 3 2 1 1 1 1 1 2 1 1 1 3 2 1 1 1 1 1 13 8 5 3 2 1 1 1 1 1 2 1 1 1 3 2 1 1 1 1 1 5 3 2 1 1 1 1 1 2 1 1 1 22 13 8 5 3 2 1 1 1 1 1 2 1 1 1 3 2 1 1 1 1 1 5 3 2 1 1 1 1 1 2 1 1 1 9 5 3 2 1 1 1 1 1 2 1 1 1 4 2 1 1 1 2 1 1 38 22 13 8 5 3 2 1 1 1 1 1 2 1 1 1 3 2 1 1 1 1 1 5 3 2 1 1 1 1 1 2 1 1 1 9 5 3 2 1 1 1 1 1 2 1 1 1 4 2 1 1 1 2 1 1 16 9 5 3 2 1 1 1 1 1 2 1 1 1 4 2 1 1 1 2 1 1 7 4 2 1 1 1 2 1 1 3 2 1 1 1 1 56 35 22 13 8 5 3 2 1 1 1 1 1 2 1 1 1 3 2 1 1 1 1 1 5 3 2 1 1 1 1 1 2 1 1 1 9 5 3 2 1 1 1 1 1 2 1 1 1 4 2 1 1 1 2 1 1 13 9 5 3 2 1 1 1 1 1 2 1 1 1 4 2 1 1 1 2 1 1 5 3 2 1 1 1 1 1 2 1 1 1 22 13 8 5 3 2 1 1 1 1 1 2 1 1 1 3 2 1 1 1 1 1 5 3 2 1 1 1 1 1 2 1 1 1 9 5 3 2 1 1 1 1 1 2 1 1 1 4 2 1 1 1 2 1 1
380 148 94 56 34 21 13 8 5 2 1 1 1 3 2 1 1 1 1 1 5 3 2 1 1 1 1 1 2 1 1 1 8 5 3 2 1 1 1 1 1 2 1 1 1 3 2 1 1 1 1 1 13 8 5 3 2 1 1 1 1 1 2 1 1 1 3 2 1 1 1 1 1 5 3 2 1 1 1 1 1 2 1 1 1 22 13 8 5 3 2 1 1 1 1 1 2 1 1 1 3 2 1 1 1 1 1 5 3 2 1 1 1 1 1 2 1 1 1 9 5 3 2 1 1 1 1 1 2 1 1 1 4 2 1 1 1 2 1 1 38 22 13 8 5 3 2 1 1 1 1 1 2 1 1 1 3 2 1 1 1 1 1 5 3 2 1 1 1 1 1 2 1 1 1 9 5 3 2 1 1 1 1 1 2 1 1 1 4 2 1 1 1 2 1 1 16 9 5 3 2 1 1 1 1 1 2 1 1 1 4 2 1 1 1 2 1 1 7 4 2 1 1 1 2 1 1 3 2 1 1 1 1 56 36 22 13 8 5 3 2 1 1 1 1 1 2 1 1 1 3 2 1 1 1 1 1 5 3 2 1 1 1 1 1 2 1 1 1 9 5 3 2 1 1 1 1 1 2 1 1 1 4 2 1 1 1 2 1 1 14 9 5 3 2 1 1 1 1 1 2 1 1 1 4 2 1 1 1 2 1 1 5 4 2 1 1 1 2 1 1 2 1 1 1 22 13 8 5 3 2 1 1 1 1 1 2 1 1 1 3 2 1 1 1 1 1 5 3 2 1 1 1 1 1 2 1 1 1 9 5 3 2 1 1 1 1 1 2 1 1 1 4 2 1 1 1 2 1 1
381 149 94 56 34 21 13 8 5 2 1 1 1 3 2 1 1 1 1 1 5 3 2 1 1 1 1 1 2 1 1 1 8 5 3 2 1 1 1 1 1 2 1 1 1 3 2 1 1 1 1 1 13 8 5 3 2 1 1 1 1 1 2 1 1 1 3 2 1 1 1 1 1 5 3 2 1 1 1 1 1 2 1 1 1 22 13 8 5 3 2 1 1 1 1 1 2 1 1 1 3 2 1 1 1 1 1 5 3 2 1 1 1 1 1 2 1 1 1 9 5 3 2 1 1 1 1 1 2 1 1 1 4 2 1 1 1 2 1 1 38 22 13 8 5 3 2 1 1 1 1 1 2 1 1 1 3 2 1 1 1 1 1 5 3 2 1 1 1 1 1 2 1 1 1 9 5 3 2 1 1 1 1 1 2 1 1 1 4 2 1 1 1 2 1 1 16 9 5 3 2 1 1 1 1 1 2 1 1 1 4 2 1 1 1 2 1 1 7 4 2 1 1 1 2 1 1 3 2 1 1 1 1 56 37 22 13 8 5 3 2 1 1 1 1 1 2 1 1 1 3 2 1 1 1 1 1 5 3 2 1 1 1 1 1 2 1 1 1 9 5 3 2 1 1 1 1 1 2 1 1 1 4 2 1 1 1 2 1 1 15 9 5 3 2 1 1 1 1 1 2 1 1 1 4 2 1 1 1 2 1 1 6 4 2 1 1 1 2 1 1 2 2 1 1 1 22 13 8 5 3 2 1 1 1 1 1 2 1 1 1 3 2 1 1 1 1 1 5 3 2 1 1 1 1 1 2 1 1 1 9 5 3 2 1 1 1 1 1 2 1 1 1 4 2 1 1 1 2 1 1
382 150 94 56 34 21 13 8 5 2 1 1 1 3 2 1 1 1 1 1 5 3 2 1 1 1 1 1 2 1 1 1 8 5 3 2 1 1 1 1 1 2 1 1 1 3 2 1 1 1 1 1 13 8 5 3 2 1 1 1 1 1 2 1 1 1 3 2 1 1 1 1 1 5 3 2 1 1 1 1 1 2 1 1 1 22 13 8 5 3 2 1 1 1 1 1 2 1 1 1 3 2 1 1 1 1 1 5 3 2 1 1 1 1 1 2 1 1 1 9 5 3 2 1 1 1 1 1 2 1 1 1 4 2 1 1 1 2 1 1 38 22 13 8 5 3 2 1 1 1 1 1 2 1 1 1 3 2 1 1 1 1 1 5 3 2 1 1 1 1 1 2 1 1 1 9 5 3 2 1 1 1 1 1 2 1 1 1 4 2 1 1 1 2 1 1 16 9 5 3 2 1 1 1 1 1 2 1 1 1 4 2 1 1 1 2 1 1 7 4 2 1 1 1 2 1 1 3 2 1 1 1 1 56 38 22 13 8 5 3 2 1 1 1 1 1 2 1 1 1 3 2 1 1 1 1 1 5 3 2 1 1 1 1 1 2 1 1 1 9 5 3 2 1 1 1 1 1 2 1 1 1 4 2 1 1 1 2 1 1 16 9 5 3 2 1 1 1 1 1 2 1 1 1 4 2 1 1 1 2 1 1 7 4 2 1 1 1 2 1 1 3 2 1 1 1 1 22 13 8 5 3 2 1 1 1 1 1 2 1 1 1 3 2 1 1 1 1 1 5 3 2 1 1 1 1 1 2 1 1 1 9 5 3 2 1 1 1 1 1 2 1 1 1 4 2 1 1 1 2 1 1
383 151 94 56 34 21 13 8 5 2 1 1 1 3 2 1 1 1 1 1 5 3 2 1 1 1 1 1 2 1 1 1 8 5 3 2 1 1 1 1 1 2 1 1 1 3 2 1 1 1 1 1 13 8 5 3 2 1 1 1 1 1 2 1 1 1 3 2 1 1 1 1 1 5 3 2 1 1 1 1 1 2 1 1 1 22 13 8 5 3 2 1 1 1 1 1 2 1 1 1 3 2 1 1 1 1 1 5 3 2 1 1 1 1 1 2 1 1 1 9 5 3 2 1 1 1 1 1 2 1 1 1 4 2 1 1 1 2 1 1 38 22 13 8 5 3 2 1 1 1 1 1 2 1 1 1 3 2 1 1 1 1 1 5 3 2 1 1 1 1 1 2 1 1 1 9 5 3 2 1 1 1 1 1 2 1 1 1 4 2 1 1 1 2 1 1 16 9 5 3 2 1 1 1 1 1 2 1 1 1 4 2 1 1 1 2 1 1 7 4 2 1 1 1 2 1 1 3 2 1 1 1 1 57 38 22 13 8 5 3 2 1 1 1 1 1 2 1 1 1 3 2 1 1 1 1 1 5 3 2 1 1 1 1 1 2 1 1 1 9 5 3 2 1 1 1 1 1 2 1 1 1 4 2 1 1 1 2 1 1 16 9 5 3 2 1 1 1 1 1 2 1 1 1 4 2 1 1 1 2 1 1 7 4 2 1 1 1 2 1 1 3 2 1 1 1 1 22 13 9 5 3 2 1 1 1 1 1 2 1 1 1 4 2 1 1 1 2 1 1 5 3 2 1 1 1 1 1 2 1 1 1 9 5 3 2 1 1 1 1 1 2 1 1 1 4 2 1 1 1 2 1 1
384 152 94 56 34 21 13 8 5 2 1 1 1 3 2 1 1 1 1 1 5 3 2 1 1 1 1 1 2 1 1 1 8 5 3 2 1 1 1 1 1 2 1 1 1 3 2 1 1 1 1 1 13 8 5 3 2 1 1 1 1 1 2 1 1 1 3 2 1 1 1 1 1 5 3 2 1 1 1 1 1 2 1 1 1 22 13 8 5 3 2 1 1 1 1 1 2 1 1 1 3 2 1 1 1 1 1 5 3 2 1 1 1 1 1 2 1 1 1 9 5 3 2 1 1 1 1 1 2 1 1 1 4 2 1 1 1 2 1 1 38 22 13 8 5 3 2 1 1 1 1 1 2 1 1 1 3 2 1 1 1 1 1 5 3 2 1 1 1 1 1 2 1 1 1 9 5 3 2 1 1 1 1 1 2 1 1 1 4 2 1 1 1 2 1 1 16 9 5 3 2 1 1 1 1 1 2 1 1 1 4 2 1 1 1 2 1 1 7 4 2 1 1 1 2 1 1 3 2 1 1 1 1 58 38 22 13 8 5 3 2 1 1 1 1 1 2 1 1 1 3 2 1 1 1 1 1 5 3 2 1 1 1 1 1 2 1 1 1 9 5 3 2 1 1 1 1 1 2 1 1 1 4 2 1 1 1 2 1 1 16 9 5 3 2 1 1 1 1 1 2 1 1 1 4 2 1 1 1 2 1 1 7 4 2 1 1 1 2 1 1 3 2 1 1 1 1 22 14 9 5 3 2 1 1 1 1 1 2 1 1 1 4 2 1 1 1 2 1 1 5 4 2 1 1 1 2 1 1 2 1 1 1 9 5 3 2 1 1 1 1 1 2 1 1 1 4 2 1 1 1 2 1 1
385 153 94 56 34 21 13 8 5 2 1 1 1 3 2 1 1 1 1 1 5 3 2 1 1 1 1 1 2 1 1 1 8 5 3 2 1 1 1 1 1 2 1 1 1 3 2 1 1 1 1 1 13 8 5 3 2 1 1 1 1 1 2 1 1 1 3 2 1 1 1 1 1 5 3 2 1 1 1 1 1 2 1 1 1 22 13 8 5 3 2 1 1 1 1 1 2 1 1 1 3 2 1 1 1 1 1 5 3 2 1 1 1 1 1 2 1 1 1 9 5 3 2 1 1 1 1 1 2 1 1 1 4 2 1 1 1 2 1 1 38 22 13 8 5 3 2 1 1 1 1 1 2 1 1 1 3 2 1 1 1 1 1 5 3 2 1 1 1 1 1 2 1 1 1 9 5 3 2 1 1 1 1 1 2 1 1 1 4 2 1 1 1 2 1 1 16 9 5 3 2 1 1 1 1 1 2 1 1 1 4 2 1 1 1 2 1 1 7 4 2 1 1 1 2 1 1 3 2 1 1 1 1 59 38 22 13 8 5 3 2 1 1 1 1 1 2 1 1 1 3 2 1 1 1 1 1 5 3 2 1 1 1 1 1 2 1 1 1 9 5 3 2 1 1 1 1 1 2 1 1 1 4 2 1 1 1 2 1 1 16 9 5 3 2 1 1 1 1 1 2 1 1 1 4 2 1 1 1 2 1 1 7 4 2 1 1 1 2 1 1 3 2 1 1 1 1 22 15 9 5 3 2 1 1 1 1 1 2 1 1 1 4 2 1 1 1 2 1 1 6 4 2 1 1 1 2 1 1 2 2 1 1 1 9 5 3 2 1 1 1 1 1 2 1 1 1 4 2 1 1 1 2 1 1
481 195 114 66 47 28 16 9 5 2 1 1 1 4 2 1 1 1 2 1 1 7 4 2 1 1 1 2 1 1 3 2 1 1 1 1 12 7 4 2 1 1 1 2 1 1 3 2 1 1 1 1 5 3 2 1 1 1 1 2 1 1 1 19 12 7 4 2 1 1 1 2 1 1 3 2 1 1 1 1 5 3 2 1 1 1 1 2 1 1 1 7 5 3 2 1 1 1 1 2 1 1 1 3 2 1 1 1 1 28 16 9 5 3 2 1 1 1 1 1 2 1 1 1 4 2 1 1 1 2 1 1 7 4 2 1 1 1 2 1 1 3 2 1 1 1 1 12 7 4 2 1 1 1 2 1 1 3 2 1 1 1 1 5 3 2 1 1 1 1 2 1 1 1 48 28 16 9 5 3 2 1 1 1 1 1 2 1 1 1 4 2 1 1 1 2 1 1 7 4 2 1 1 1 2 1 1 3 2 1 1 1 1 12 7 4 2 1 1 1 2 1 1 3 2 1 1 1 1 5 3 2 1 1 1 1 2 1 1 1 20 12 7 4 2 1 1 1 2 1 1 3 2 1 1 1 1 5 3 2 1 1 1 1 2 1 1 1 8 5 3 2 1 1 1 1 2 1 1 1 3 2 1 1 1 1 1 81 48 28 16 9 5 3 2 1 1 1 1 1 2 1 1 1 4 2 1 1 1 2 1 1 7 4 2 1 1 1 2 1 1 3 2 1 1 1 1 12 7 4 2 1 1 1 2 1 1 3 2 1 1 1 1 5 3 2 1 1 1 1 2 1 1 1 20 12 7 4 2 1 1 1 2 1 1 3 2 1 1 1 1 5 3 2 1 1 1 1 2 1 1 1 8 5 3 2 1 1 1 1 2 1 1 1 3 2 1 1 1 1 1 33 20 12 7 4 2 1 1 1 2 1 1 3 2 1 1 1 1 5 3 2 1 1 1 1 2 1 1 1 8 5 3 2 1 1 1 1 2 1 1 1 3 2 1 1 1 1 1 13 8 5 3 2 1 1 1 1 2 1 1 1 3 2 1 1 1 1 1 5 3 2 1 1 1 1 1 2 1 1 1
482 195 114 66 48 28 16 9 5 2 1 1 1 4 2 1 1 1 2 1 1 7 4 2 1 1 1 2 1 1 3 2 1 1 1 1 12 7 4 2 1 1 1 2 1 1 3 2 1 1 1 1 5 3 2 1 1 1 1 2 1 1 1 20 12 7 4 2 1 1 1 2 1 1 3 2 1 1 1 1 5 3 2 1 1 1 1 2 1 1 1 8 5 3 2 1 1 1 1 2 1 1 1 3 2 1 1 1 1 1 28 16 9 5 3 2 1 1 1 1 1 2 1 1 1 4 2 1 1 1 2 1 1 7 4 2 1 1 1 2 1 1 3 2 1 1 1 1 12 7 4 2 1 1 1 2 1 1 3 2 1 1 1 1 5 3 2 1 1 1 1 2 1 1 1 48 28 16 9 5 3 2 1 1 1 1 1 2 1 1 1 4 2 1 1 1 2 1 1 7 4 2 1 1 1 2 1 1 3 2 1 1 1 1 12 7 4 2 1 1 1 2 1 1 3 2 1 1 1 1 5 3 2 1 1 1 1 2 1 1 1 20 12 7 4 2 1 1 1 2 1 1 3 2 1 1 1 1 5 3 2 1 1 1 1 2 1 1 1 8 5 3 2 1 1 1 1 2 1 1 1 3 2 1 1 1 1 1 81 48 28 16 9 5 3 2 1 1 1 1 1 2 1 1 1 4 2 1 1 1 2 1 1 7 4 2 1 1 1 2 1 1 3 2 1 1 1 1 12 7 4 2 1 1 1 2 1 1 3 2 1 1 1 1 5 3 2 1 1 1 1 2 1 1 1 20 12 7 4 2 1 1 1 2 1 1 3 2 1 1 1 1 5 3 2 1 1 1 1 2 1 1 1 8 5 3 2 1 1 1 1 2 1 1 1 3 2 1 1 1 1 1 33 20 12 7 4 2 1 1 1 2 1 1 3 2 1 1 1 1 5 3 2 1 1 1 1 2 1 1 1 8 5 3 2 1 1 1 1 2 1 1 1 3 2 1 1 1 1 1 13 8 5 3 2 1 1 1 1 2 1 1 1 3 2 1 1 1 1 1 5 3 2 1 1 1 1 1 2 1 1 1
483 195 114 67 48 28 16 9 5 2 1 1 1 4 2 1 1 1 2 1 1 7 4 2 1 1 1 2 1 1 3 2 1 1 1 1 12 7 4 2 1 1 1 2 1 1 3 2 1 1 1 1 5 3 2 1 1 1 1 2 1 1 1 20 12 7 4 2 1 1 1 2 1 1 3 2 1 1 1 1 5 3 2 1 1 1 1 2 1 1 1 8 5 3 2 1 1 1 1 2 1 1 1 3 2 1 1 1 1 1 28 16 9 5 4 2 1 1 1 2 1 1 2 1 1 1 4 2 1 1 1 2 1 1 7 4 2 1 1 1 2 1 1 3 2 1 1 1 1 12 7 4 2 1 1 1 2 1 1 3 2 1 1 1 1 5 3 2 1 1 1 1 2 1 1 1 48 28 16 9 5 3 2 1 1 1 1 1 2 1 1 1 4 2 1 1 1 2 1 1 7 4 2 1 1 1 2 1 1 3 2 1 1 1 1 12 7 4 2 1 1 1 2 1 1 3 2 1 1 1 1 5 3 2 1 1 1 1 2 1 1 1 20 12 7 4 2 1 1 1 2 1 1 3 2 1 1 1 1 5 3 2 1 1 1 1 2 1 1 1 8 5 3 2 1 1 1 1 2 1 1 1 3 2 1 1 1 1 1 81 48 28 16 9 5 3 2 1 1 1 1 1 2 1 1 1 4 2 1 1 1 2 1 1 7 4 2 1 1 1 2 1 1 3 2 1 1 1 1 12 7 4 2 1 1 1 2 1 1 3 2 1 1 1 1 5 3 2 1 1 1 1 2 1 1 1 20 12 7 4 2 1 1 1 2 1 1 3 2 1 1 1 1 5 3 2 1 1 1 1 2 1 1 1 8 5 3 2 1 1 1 1 2 1 1 1 3 2 1 1 1 1 1 33 20 12 7 4 2 1 1 1 2 1 1 3 2 1 1 1 1 5 3 2 1 1 1 1 2 1 1 1 8 5 3 2 1 1 1 1 2 1 1 1 3 2 1 1 1 1 1 13 8 5 3 2 1 1 1 1 2 1 1 1 3 2 1 1 1 1 1 5 3 2 1 1 1 1 1 2 1 1 1
484 195 114 68 48 28 16 9 5 2 1 1 1 4 2 1 1 1 2 1 1 7 4 2 1 1 1 2 1 1 3 2 1 1 1 1 12 7 4 2 1 1 1 2 1 1 3 2 1 1 1 1 5 3 2 1 1 1 1 2 1 1 1 20 12 7 4 2 1 1 1 2 1 1 3 2 1 1 1 1 5 3 2 1 1 1 1 2 1 1 1 8 5 3 2 1 1 1 1 2 1 1 1 3 2 1 1 1 1 1 28 16 9 6 4 2 1 1 1 2 1 1 2 2 1 1 1 4 2 1 1 1 2 1 1 7 4 2 1 1 1 2 1 1 3 2 1 1 1 1 12 7 4 2 1 1 1 2 1 1 3 2 1 1 1 1 5 3 2 1 1 1 1 2 1 1 1 48 28 16 9 5 3 2 1 1 1 1 1 2 1 1 1 4 2 1 1 1 2 1 1 7 4 2 1 1 1 2 1 1 3 2 1 1 1 1 12 7 4 2 1 1 1 2 1 1 3 2 1 1 1 1 5 3 2 1 1 1 1 2 1 1 1 20 12 7 4 2 1 1 1 2 1 1 3 2 1 1 1 1 5 3 2 1 1 1 1 2 1 1 1 8 5 3 2 1 1 1 1 2 1 1 1 3 2 1 1 1 1 1 81 48 28 16 9 5 3 2 1 1 1 1 1 2 1 1 1 4 2 1 1 1 2 1 1 7 4 2 1 1 1 2 1 1 3 2 1 1 1 1 12 7 4 2 1 1 1 2 1 1 3 2 1 1 1 1 5 3 2 1 1 1 1 2 1 1 1 20 12 7 4 2 1 1 1 2 1 1 3 2 1 1 1 1 5 3 2 1 1 1 1 2 1 1 1 8 5 3 2 1 1 1 1 2 1 1 1 3 2 1 1 1 1 1 33 20 12 7 4 2 1 1 1 2 1 1 3 2 1 1 1 1 5 3 2 1 1 1 1 2 1 1 1 8 5 3 2 1 1 1 1 2 1 1 1 3 2 1 1 1 1 1 13 8 5 3 2 1 1 1 1 2 1 1 1 3 2 1 1 1 1 1 5 3 2 1 1 1 1 1 2 1 1 1
485 195 114 69 48 28 16 9 5 2 1 1 1 4 2 1 1 1 2 1 1 7 4 2 1 1 1 2 1 1 3 2 1 1 1 1 12 7 4 2 1 1 1 2 1 1 3 2 1 1 1 1 5 3 2 1 1 1 1 2 1 1 1 20 12 7 4 2 1 1 1 2 1 1 3 2 1 1 1 1 5 3 2 1 1 1 1 2 1 1 1 8 5 3 2 1 1 1 1 2 1 1 1 3 2 1 1 1 1 1 28 16 9 7 4 2 1 1 1 2 1 1 3 2 1 1 1 1 4 2 1 1 1 2 1 1 7 4 2 1 1 1 2 1 1 3 2 1 1 1 1 12 7 4 2 1 1 1 2 1 1 3 2 1 1 1 1 5 3 2 1 1 1 1 2 1 1 1 48 28 16 9 5 3 2 1 1 1 1 1 2 1 1 1 4 2 1 1 1 2 1 1 7 4 2 1 1 1 2 1 1 3 2 1 1 1 1 12 7 4 2 1 1 1 2 1 1 3 2 1 1 1 1 5 3 2 1 1 1 1 2 1 1 1 20 12 7 4 2 1 1 1 2 1 1 3 2 1 1 1 1 5 3 2 1 1 1 1 2 1 1 1 8 5 3 2 1 1 1 1 2 1 1 1 3 2 1 1 1 1 1 81 48 28 16 9 5 3 2 1 1 1 1 1 2 1 1 1 4 2 1 1 1 2 1 1 7 4 2 1 1 1 2 1 1 3 2 1 1 1 1 12 7 4 2 1 1 1 2 1 1 3 2 1 1 1 1 5 3 2 1 1 1 1 2 1 1 1 20 12 7 4 2 1 1 1 2 1 1 3 2 1 1 1 1 5 3 2 1 1 1 1 2 1 1 1 8 5 3 2 1 1 1 1 2 1 1 1 3 2 1 1 1 1 1 33 20 12 7 4 2 1 1 1 2 1 1 3 2 1 1 1 1 5 3 2 1 1 1 1 2 1 1 1 8 5 3 2 1 1 1 1 2 1 1 1 3 2 1 1 1 1 1 13 8 5 3 2 1 1 1 1 2 1 1 1 3 2 1 1 1 1 1 5 3 2 1 1 1 1 1 2 1 1 1
486 195 114 70 48 28 16 9 5 2 1 1 1 4 2 1 1 1 2 1 1 7 4 2 1 1 1 2 1 1 3 2 1 1 1 1 12 7 4 2 1 1 1 2 1 1 3 2 1 1 1 1 5 3 2 1 1 1 1 2 1 1 1 20 12 7 4 2 1 1 1 2 1 1 3 2 1 1 1 1 5 3 2 1 1 1 1 2 1 1 1 8 5 3 2 1 1 1 1 2 1 1 1 3 2 1 1 1 1 1 28 16 10 7 4 2 1 1 1 2 1 1 3 2 1 1 1 1 4 2 2 1 1 1 2 1 1 7 4 2 1 1 1 2 1 1 3 2 1 1 1 1 12 7 4 2 1 1 1 2 1 1 3 2 1 1 1 1 5 3 2 1 1 1 1 2 1 1 1 48 28 16 9 5 3 2 1 1 1 1 1 2 1 1 1 4 2 1 1 1 2 1 1 7 4 2 1 1 1 2 1 1 3 2 1 1 1 1 12 7 4 2 1 1 1 2 1 1 3 2 1 1 1 1 5 3 2 1 1 1 1 2 1 1 1 20 12 7 4 2 1 1 1 2 1 1 3 2 1 1 1 1 5 3 2 1 1 1 1 2 1 1 1 8 5 3 2 1 1 1 1 2 1 1 1 3 2 1 1 1 1 1 81 48 28 16 9 5 3 2 1 1 1 1 1 2 1 1 1 4 2 1 1 1 2 1 1 7 4 2 1 1 1 2 1 1 3 2 1 1 1 1 12 7 4 2 1 1 1 2 1 1 3 2 1 1 1 1 5 3 2 1 1 1 1 2 1 1 1 20 12 7 4 2 1 1 1 2 1 1 3 2 1 1 1 1 5 3 2 1 1 1 1 2 1 1 1 8 5 3 2 1 1 1 1 2 1 1 1 3 2 1 1 1 1 1 33 20 12 7 4 2 1 1 1 2 1 1 3 2 1 1 1 1 5 3 2 1 1 1 1 2 1 1 1 8 5 3 2 1 1 1 1 2 1 1 1 3 2 1 1 1 1 1 13 8 5 3 2 1 1 1 1 2 1 1 1 3 2 1 1 1 1 1 5 3 2 1 1 1 1 1 2 1 1 1
487 195 114 71 48 28 16 9 5 2 1 1 1 4 2 1 1 1 2 1 1 7 4 2 1 1 1 2 1 1 3 2 1 1 1 1 12 7 4 2 1 1 1 2 1 1 3 2 1 1 1 1 5 3 2 1 1 1 1 2 1 1 1 20 12 7 4 2 1 1 1 2 1 1 3 2 1 1 1 1 5 3 2 1 1 1 1 2 1 1 1 8 5 3 2 1 1 1 1 2 1 1 1 3 2 1 1 1 1 1 28 16 11 7 4 2 1 1 1 2 1 1 3 2 1 1 1 1 4 3 2 1 1 1 1 2 1 1 7 4 2 1 1 1 2 1 1 3 2 1 1 1 1 12 7 4 2 1 1 1 2 1 1 3 2 1 1 1 1 5 3 2 1 1 1 1 2 1 1 1 48 28 16 9 5 3 2 1 1 1 1 1 2 1 1 1 4 2 1 1 1 2 1 1 7 4 2 1 1 1 2 1 1 3 2 1 1 1 1 12 7 4 2 1 1 1 2 1 1 3 2 1 1 1 1 5 3 2 1 1 1 1 2 1 1 1 20 12 7 4 2 1 1 1 2 1 1 3 2 1 1 1 1 5 3 2 1 1 1 1 2 1 1 1 8 5 3 2 1 1 1 1 2 1 1 1 3 2 1 1 1 1 1 81 48 28 16 9 5 3 2 1 1 1 1 1 2 1 1 1 4 2 1 1 1 2 1 1 7 4 2 1 1 1 2 1 1 3 2 1 1 1 1 12 7 4 2 1 1 1 2 1 1 3 2 1 1 1 1 5 3 2 1 1 1 1 2 1 1 1 20 12 7 4 2 1 1 1 2 1 1 3 2 1 1 1 1 5 3 2 1 1 1 1 2 1 1 1 8 5 3 2 1 1 1 1 2 1 1 1 3 2 1 1 1 1 1 33 20 12 7 4 2 1 1 1 2 1 1 3 2 1 1 1 1 5 3 2 1 1 1 1 2 1 1 1 8 5 3 2 1 1 1 1 2 1 1 1 3 2 1 1 1 1 1 13 8 5 3 2 1 1 1 1 2 1 1 1 3 2 1 1 1 1 1 5 3 2 1 1 1 1 1 2 1 1 1
488 195 114 72 48 28 16 9 5 2 1 1 1 4 2 1 1 1 2 1 1 7 4 2 1 1 1 2 1 1 3 2 1 1 1 1 12 7 4 2 1 1 1 2 1 1 3 2 1 1 1 1 5 3 2 1 1 1 1 2 1 1 1 20 12 7 4 2 1 1 1 2 1 1 3 2 1 1 1 1 5 3 2 1 1 1 1 2 1 1 1 8 5 3 2 1 1 1 1 2 1 1 1 3 2 1 1 1 1 1 28 16 12 7 4 2 1 1 1 2 1 1 3 2 1 1 1 1 5 3 2 1 1 1 1 2 1 1 1 7 4 2 1 1 1 2 1 1 3 2 1 1 1 1 12 7 4 2 1 1 1 2 1 1 3 2 1 1 1 1 5 3 2 1 1 1 1 2 1 1 1 48 28 16 9 5 3 2 1 1 1 1 1 2 1 1 1 4 2 1 1 1 2 1 1 7 4 2 1 1 1 2 1 1 3 2 1 1 1 1 12 7 4 2 1 1 1 2 1 1 3 2 1 1 1 1 5 3 2 1 1 1 1 2 1 1 1 20 12 7 4 2 1 1 1 2 1 1 3 2 1 1 1 1 5 3 2 1 1 1 1 2 1 1 1 8 5 3 2 1 1 1 1 2 1 1 1 3 2 1 1 1 1 1 81 48 28 16 9 5 3 2 1 1 1 1 1 2 1 1 1 4 2 1 1 1 2 1 1 7 4 2 1 1 1 2 1 1 3 2 1 1 1 1 12 7 4 2 1 1 1 2 1 1 3 2 1 1 1 1 5 3 2 1 1 1 1 2 1 1 1 20 12 7 4 2 1 1 1 2 1 1 3 2 1 1 1 1 5 3 2 1 1 1 1 2 1 1 1 8 5 3 2 1 1 1 1 2 1 1 1 3 2 1 1 1 1 1 33 20 12 7 4 2 1 1 1 2 1 1 3 2 1 1 1 1 5 3 2 1 1 1 1 2 1 1 1 8 5 3 2 1 1 1 1 2 1 1 1 3 2 1 1 1 1 1 13 8 5 3 2 1 1 1 1 2 1 1 1 3 2 1 1 1 1 1 5 3 2 1 1 1 1 1 2 1 1 1
489 195 114 73 48 28 16 9 5 2 1 1 1 4 2 1 1 1 2 1 1 7 4 2 1 1 1 2 1 1 3 2 1 1 1 1 12 7 4 2 1 1 1 2 1 1 3 2 1 1 1 1 5 3 2 1 1 1 1 2 1 1 1 20 12 7 4 2 1 1 1 2 1 1 3 2 1 1 1 1 5 3 2 1 1 1 1 2 1 1 1 8 5 3 2 1 1 1 1 2 1 1 1 3 2 1 1 1 1 1 28 17 12 7 4 2 1 1 1 2 1 1 3 2 1 1 1 1 5 3 2 1 1 1 1 2 1 1 1 7 4 2 2 1 1 1 2 1 1 3 2 1 1 1 1 12 7 4 2 1 1 1 2 1 1 3 2 1 1 1 1 5 3 2 1 1 1 1 2 1 1 1 48 28 16 9 5 3 2 1 1 1 1 1 2 1 1 1 4 2 1 1 1 2 1 1 7 4 2 1 1 1 2 1 1 3 2 1 1 1 1 12 7 4 2 1 1 1 2 1 1 3 2 1 1 1 1 5 3 2 1 1 1 1 2 1 1 1 20 12 7 4 2 1 1 1 2 1 1 3 2 1 1 1 1 5 3 2 1 1 1 1 2 1 1 1 8 5 3 2 1 1 1 1 2 1 1 1 3 2 1 1 1 1 1 81 48 28 16 9 5 3 2 1 1 1 1 1 2 1 1 1 4 2 1 1 1 2 1 1 7 4 2 1 1 1 2 1 1 3 2 1 1 1 1 12 7 4 2 1 1 1 2 1 1 3 2 1 1 1 1 5 3 2 1 1 1 1 2 1 1 1 20 12 7 4 2 1 1 1 2 1 1 3 2 1 1 1 1 5 3 2 1 1 1 1 2 1 1 1 8 5 3 2 1 1 1 1 2 1 1 1 3 2 1 1 1 1 1 33 20 12 7 4 2 1 1 1 2 1 1 3 2 1 1 1 1 5 3 2 1 1 1 1 2 1 1 1 8 5 3 2 1 1 1 1 2 1 1 1 3 2 1 1 1 1 1 13 8 5 3 2 1 1 1 1 2 1 1 1 3 2 1 1 1 1 1 5 3 2 1 1 1 1 1 2 1 1 1
490 195 114 74 48 28 16 9 5 2 1 1 1 4 2 1 1 1 2 1 1 7 4 2 1 1 1 2 1 1 3 2 1 1 1 1 12 7 4 2 1 1 1 2 1 1 3 2 1 1 1 1 5 3 2 1 1 1 1 2 1 1 1 20 12 7 4 2 1 1 1 2 1 1 3 2 1 1 1 1 5 3 2 1 1 1 1 2 1 1 1 8 5 3 2 1 1 1 1 2 1 1 1 3 2 1 1 1 1 1 28 18 12 7 4 2 1 1 1 2 1 1 3 2 1 1 1 1 5 3 2 1 1 1 1 2 1 1 1 7 4 3 2 1 1 1 1 2 1 1 3 2 1 1 1 1 12 7 4 2 1 1 1 2 1 1 3 2 1 1 1 1 5 3 2 1 1 1 1 2 1 1 1 48 28 16 9 5 3 2 1 1 1 1 1 2 1 1 1 4 2 1 1 1 2 1 1 7 4 2 1 1 1 2 1 1 3 2 1 1 1 1 12 7 4 2 1 1 1 2 1 1 3 2 1 1 1 1 5 3 2 1 1 1 1 2 1 1 1 20 12 7 4 2 1 1 1 2 1 1 3 2 1 1 1 1 5 3 2 1 1 1 1 2 1 1 1 8 5 3 2 1 1 1 1 2 1 1 1 3 2 1 1 1 1 1 81 48 28 16 9 5 3 2 1 1 1 1 1 2 1 1 1 4 2 1 1 1 2 1 1 7 4 2 1 1 1 2 1 1 3 2 1 1 1 1 12 7 4 2 1 1 1 2 1 1 3 2 1 1 1 1 5 3 2 1 1 1 1 2 1 1 1 20 12 7 4 2 1 1 1 2 1 1 3 2 1 1 1 1 5 3 2 1 1 1 1 2 1 1 1 8 5 3 2 1 1 1 1 2 1 1 1 3 2 1 1 1 1 1 33 20 12 7 4 2 1 1 1 2 1 1 3 2 1 1 1 1 5 3 2 1 1 1 1 2 1 1 1 8 5 3 2 1 1 1 1 2 1 1 1 3 2 1 1 1 1 1 13 8 5 3 2 1 1 1 1 2 1 1 1 3 2 1 1 1 1 1 5 3 2 1 1 1 1 1 2 1 1 1
491 195 114 75 48 28 16 9 5 2 1 1 1 4 2 1 1 1 2 1 1 7 4 2 1 1 1 2 1 1 3 2 1 1 1 1 12 7 4 2 1 1 1 2 1 1 3 2 1 1 1 1 5 3 2 1 1 1 1 2 1 1 1 20 12 7 4 2 1 1 1 2 1 1 3 2 1 1 1 1 5 3 2 1 1 1 1 2 1 1 1 8 5 3 2 1 1 1 1 2 1 1 1 3 2 1 1 1 1 1 28 19 12 7 4 2 1 1 1 2 1 1 3 2 1 1 1 1 5 3 2 1 1 1 1 2 1 1 1 7 5 3 2 1 1 1 1 2 1 1 1 3 2 1 1 1 1 12 7 4 2 1 1 1 2 1 1 3 2 1 1 1 1 5 3 2 1 1 1 1 2 1 1 1 48 28 16 9 5 3 2 1 1 1 1 1 2 1 1 1 4 2 1 1 1 2 1 1 7 4 2 1 1 1 2 1 1 3 2 1 1 1 1 12 7 4 2 1 1 1 2 1 1 3 2 1 1 1 1 5 3 2 1 1 1 1 2 1 1 1 20 12 7 4 2 1 1 1 2 1 1 3 2 1 1 1 1 5 3 2 1 1 1 1 2 1 1 1 8 5 3 2 1 1 1 1 2 1 1 1 3 2 1 1 1 1 1 81 48 28 16 9 5 3 2 1 1 1 1 1 2 1 1 1 4 2 1 1 1 2 1 1 7 4 2 1 1 1 2 1 1 3 2 1 1 1 1 12 7 4 2 1 1 1 2 1 1 3 2 1 1 1 1 5 3 2 1 1 1 1 2 1 1 1 20 12 7 4 2 1 1 1 2 1 1 3 2 1 1 1 1 5 3 2 1 1 1 1 2 1 1 1 8 5 3 2 1 1 1 1 2 1 1 1 3 2 1 1 1 1 1 33 20 12 7 4 2 1 1 1 2 1 1 3 2 1 1 1 1 5 3 2 1 1 1 1 2 1 1 1 8 5 3 2 1 1 1 1 2 1 1 1 3 2 1 1 1 1 1 13 8 5 3 2 1 1 1 1 2 1 1 1 3 2 1 1 1 1 1 5 3 2 1 1 1 1 1 2 1 1 1
492 195 114 76 48 28 16 9 5 2 1 1 1 4 2 1 1 1 2 1 1 7 4 2 1 1 1 2 1 1 3 2 1 1 1 1 12 7 4 2 1 1 1 2 1 1 3 2 1 1 1 1 5 3 2 1 1 1 1 2 1 1 1 20 12 7 4 2 1 1 1 2 1 1 3 2 1 1 1 1 5 3 2 1 1 1 1 2 1 1 1 8 5 3 2 1 1 1 1 2 1 1 1 3 2 1 1 1 1 1 28 20 12 7 4 2 1 1 1 2 1 1 3 2 1 1 1 1 5 3 2 1 1 1 1 2 1 1 1 8 5 3 2 1 1 1 1 2 1 1 1 3 2 1 1 1 1 1 12 7 4 2 1 1 1 2 1 1 3 2 1 1 1 1 5 3 2 1 1 1 1 2 1 1 1 48 28 16 9 5 3 2 1 1 1 1 1 2 1 1 1 4 2 1 1 1 2 1 1 7 4 2 1 1 1 2 1 1 3 2 1 1 1 1 12 7 4 2 1 1 1 2 1 1 3 2 1 1 1 1 5 3 2 1 1 1 1 2 1 1 1 20 12 7 4 2 1 1 1 2 1 1 3 2 1 1 1 1 5 3 2 1 1 1 1 2 1 1 1 8 5 3 2 1 1 1 1 2 1 1 1 3 2 1 1 1 1 1 81 48 28 16 9 5 3 2 1 1 1 1 1 2 1 1 1 4 2 1 1 1 2 1 1 7 4 2 1 1 1 2 1 1 3 2 1 1 1 1 12 7 4 2 1 1 1 2 1 1 3 2 1 1 1 1 5 3 2 1 1 1 1 2 1 1 1 20 12 7 4 2 1 1 1 2 1 1 3 2 1 1 1 1 5 3 2 1 1 1 1 2 1 1 1 8 5 3 2 1 1 1 1 2 1 1 1 3 2 1 1 1 1 1 33 20 12 7 4 2 1 1 1 2 1 1 3 2 1 1 1 1 5 3 2 1 1 1 1 2 1 1 1 8 5 3 2 1 1 1 1 2 1 1 1 3 2 1 1 1 1 1 13 8 5 3 2 1 1 1 1 2 1 1 1 3 2 1 1 1 1 1 5 3 2 1 1 1 1 1 2 1 1 1
493 195 114 77 48 28 16 9 5 2 1 1 1 4 2 1 1 1 2 1 1 7 4 2 1 1 1 2 1 1 3 2 1 1 1 1 12 7 4 2 1 1 1 2 1 1 3 2 1 1 1 1 5 3 2 1 1 1 1 2 1 1 1 20 12 7 4 2 1 1 1 2 1 1 3 2 1 1 1 1 5 3 2 1 1 1 1 2 1 1 1 8 5 3 2 1 1 1 1 2 1 1 1 3 2 1 1 1 1 1 29 20 12 7 4 2 1 1 1 2 1 1 3 2 1 1 1 1 5 3 2 1 1 1 1 2 1 1 1 8 5 3 2 1 1 1 1 2 1 1 1 3 2 1 1 1 1 1 12 7 4 2 2 1 1 1 2 1 1 3 2 1 1 1 1 5 3 2 1 1 1 1 2 1 1 1 48 28 16 9 5 3 2 1 1 1 1 1 2 1 1 1 4 2 1 1 1 2 1 1 7 4 2 1 1 1 2 1 1 3 2 1 1 1 1 12 7 4 2 1 1 1 2 1 1 3 2 1 1 1 1 5 3 2 1 1 1 1 2 1 1 1 20 12 7 4 2 1 1 1 2 1 1 3 2 1 1 1 1 5 3 2 1 1 1 1 2 1 1 1 8 5 3 2 1 1 1 1 2 1 1 1 3 2 1 1 1 1 1 81 48 28 16 9 5 3 2 1 1 1 1 1 2 1 1 1 4 2 1 1 1 2 1 1 7 4 2 1 1 1 2 1 1 3 2 1 1 1 1 12 7 4 2 1 1 1 2 1 1 3 2 1 1 1 1 5 3 2 1 1 1 1 2 1 1 1 20 12 7 4 2 1 1 1 2 1 1 3 2 1 1 1 1 5 3 2 1 1 1 1 2 1 1 1 8 5 3 2 1 1 1 1 2 1 1 1 3 2 1 1 1 1 1 33 20 12 7 4 2 1 1 1 2 1 1 3 2 1 1 1 1 5 3 2 1 1 1 1 2 1 1 1 8 5 3 2 1 1 1 1 2 1 1 1 3 2 1 1 1 1 1 13 8 5 3 2 1 1 1 1 2 1 1 1 3 2 1 1 1 1 1 5 3 2 1 1 1 1 1 2 1 1 1
494 195 114 78 48 28 16 9 5 2 1 1 1 4 2 1 1 1 2 1 1 7 4 2 1 1 1 2 1 1 3 2 1 1 1 1 12 7 4 2 1 1 1 2 1 1 3 2 1 1 1 1 5 3 2 1 1 1 1 2 1 1 1 20 12 7 4 2 1 1 1 2 1 1 3 2 1 1 1 1 5 3 2 1 1 1 1 2 1 1 1 8 5 3 2 1 1 1 1 2 1 1 1 3 2 1 1 1 1 1 30 20 12 7 4 2 1 1 1 2 1 1 3 2 1 1 1 1 5 3 2 1 1 1 1 2 1 1 1 8 5 3 2 1 1 1 1 2 1 1 1 3 2 1 1 1 1 1 12 7 4 3 2 1 1 1 1 2 1 1 3 2 1 1 1 1 5 3 2 1 1 1 1 2 1 1 1 48 28 16 9 5 3 2 1 1 1 1 1 2 1 1 1 4 2 1 1 1 2 1 1 7 4 2 1 1 1 2 1 1 3 2 1 1 1 1 12 7 4 2 1 1 1 2 1 1 3 2 1 1 1 1 5 3 2 1 1 1 1 2 1 1 1 20 12 7 4 2 1 1 1 2 1 1 3 2 1 1 1 1 5 3 2 1 1 1 1 2 1 1 1 8 5 3 2 1 1 1 1 2 1 1 1 3 2 1 1 1 1 1 81 48 28 16 9 5 3 2 1 1 1 1 1 2 1 1 1 4 2 1 1 1 2 1 1 7 4 2 1 1 1 2 1 1 3 2 1 1 1 1 12 7 4 2 1 1 1 2 1 1 3 2 1 1 1 1 5 3 2 1 1 1 1 2 1 1 1 20 12 7 4 2 1 1 1 2 1 1 3 2 1 1 1 1 5 3 2 1 1 1 1 2 1 1 1 8 5 3 2 1 1 1 1 2 1 1 1 3 2 1 1 1 1 1 33 20 12 7 4 2 1 1 1 2 1 1 3 2 1 1 1 1 5 3 2 1 1 1 1 2 1 1 1 8 5 3 2 1 1 1 1 2 1 1 1 3 2 1 1 1 1 1 13 8 5 3 2 1 1 1 1 2 1 1 1 3 2 1 1 1 1 1 5 3 2 1 1 1 1 1 2 1 1 1
495 195 114 79 48 28 16 9 5 2 1 1 1 4 2 1 1 1 2 1 1 7 4 2 1 1 1 2 1 1 3 2 1 1 1 1 12 7 4 2 1 1 1 2 1 1 3 2 1 1 1 1 5 3 2 1 1 1 1 2 1 1 1 20 12 7 4 2 1 1 1 2 1 1 3 2 1 1 1 1 5 3 2 1 1 1 1 2 1 1 1 8 5 3 2 1 1 1 1 2 1 1 1 3 2 1 1 1 1 1 31 20 12 7 4 2 1 1 1 2 1 1 3 2 1 1 1 1 5 3 2 1 1 1 1 2 1 1 1 8 5 3 2 1 1 1 1 2 1 1 1 3 2 1 1 1 1 1 12 7 5 3 2 1 1 1 1 2 1 1 1 3 2 1 1 1 1 5 3 2 1 1 1 1 2 1 1 1 48 28 16 9 5 3 2 1 1 1 1 1 2 1 1 1 4 2 1 1 1 2 1 1 7 4 2 1 1 1 2 1 1 3 2 1 1 1 1 12 7 4 2 1 1 1 2 1 1 3 2 1 1 1 1 5 3 2 1 1 1 1 2 1 1 1 20 12 7 4 2 1 1 1 2 1 1 3 2 1 1 1 1 5 3 2 1 1 1 1 2 1 1 1 8 5 3 2 1 1 1 1 2 1 1 1 3 2 1 1 1 1 1 81 48 28 16 9 5 3 2 1 1 1 1 1 2 1 1 1 4 2 1 1 1 2 1 1 7 4 2 1 1 1 2 1 1 3 2 1 1 1 1 12 7 4 2 1 1 1 2 1 1 3 2 1 1 1 1 5 3 2 1 1 1 1 2 1 1 1 20 12 7 4 2 1 1 1 2 1 1 3 2 1 1 1 1 5 3 2 1 1 1 1 2 1 1 1 8 5 3 2 1 1 1 1 2 1 1 1 3 2 1 1 1 1 1 33 20 12 7 4 2 1 1 1 2 1 1 3 2 1 1 1 1 5 3 2 1 1 1 1 2 1 1 1 8 5 3 2 1 1 1 1 2 1 1 1 3 2 1 1 1 1 1 13 8 5 3 2 1 1 1 1 2 1 1 1 3 2 1 1 1 1 1 5 3 2 1 1 1 1 1 2 1 1 1
496 195 114 80 48 28 16 9 5 2 1 1 1 4 2 1 1 1 2 1 1 7 4 2 1 1 1 2 1 1 3 2 1 1 1 1 12 7 4 2 1 1 1 2 1 1 3 2 1 1 1 1 5 3 2 1 1 1 1 2 1 1 1 20 12 7 4 2 1 1 1 2 1 1 3 2 1 1 1 1 5 3 2 1 1 1 1 2 1 1 1 8 5 3 2 1 1 1 1 2 1 1 1 3 2 1 1 1 1 1 32 20 12 7 4 2 1 1 1 2 1 1 3 2 1 1 1 1 5 3 2 1 1 1 1 2 1 1 1 8 5 3 2 1 1 1 1 2 1 1 1 3 2 1 1 1 1 1 12 8 5 3 2 1 1 1 1 2 1 1 1 3 2 1 1 1 1 1 5 3 2 1 1 1 1 2 1 1 1 48 28 16 9 5 3 2 1 1 1 1 1 2 1 1 1 4 2 1 1 1 2 1 1 7 4 2 1 1 1 2 1 1 3 2 1 1 1 1 12 7 4 2 1 1 1 2 1 1 3 2 1 1 1 1 5 3 2 1 1 1 1 2 1 1 1 20 12 7 4 2 1 1 1 2 1 1 3 2 1 1 1 1 5 3 2 1 1 1 1 2 1 1 1 8 5 3 2 1 1 1 1 2 1 1 1 3 2 1 1 1 1 1 81 48 28 16 9 5 3 2 1 1 1 1 1 2 1 1 1 4 2 1 1 1 2 1 1 7 4 2 1 1 1 2 1 1 3 2 1 1 1 1 12 7 4 2 1 1 1 2 1 1 3 2 1 1 1 1 5 3 2 1 1 1 1 2 1 1 1 20 12 7 4 2 1 1 1 2 1 1 3 2 1 1 1 1 5 3 2 1 1 1 1 2 1 1 1 8 5 3 2 1 1 1 1 2 1 1 1 3 2 1 1 1 1 1 33 20 12 7 4 2 1 1 1 2 1 1 3 2 1 1 1 1 5 3 2 1 1 1 1 2 1 1 1 8 5 3 2 1 1 1 1 2 1 1 1 3 2 1 1 1 1 1 13 8 5 3 2 1 1 1 1 2 1 1 1 3 2 1 1 1 1 1 5 3 2 1 1 1 1 1 2 1 1 1
